UniprotID.TF	NCBI.GeneID.TF	Name.TF	Detection.method	PubmedID	Organism	Source.database	Small-scale.evidence
P01106	4609	MYC	chromatin immunoprecipitation assay,inferred by curator	https://www.ncbi.nlm.nih.gov/pubmed/?term=29126285%5Buid%5D+OR+12695333%5Buid%5D+OR+27924024%5Buid%5D+OR+17202159%5Buid%5D+OR+22900683%5Buid%5D	Homo sapiens	GTRD,HTRI,ReMap,TRED	Yes
Q16236	4780	NFE2L2	chromatin immunoprecipitation assay	https://www.ncbi.nlm.nih.gov/pubmed/?term=29126285%5Buid%5D	Homo sapiens	ReMap	No
O75925	8554	PIAS1	chromatin immunoprecipitation assay	https://www.ncbi.nlm.nih.gov/pubmed/?term=29126285%5Buid%5D+OR+27924024%5Buid%5D	Homo sapiens	GTRD,ReMap	No
P37275	6935	ZEB1	chromatin immunoprecipitation assay	https://www.ncbi.nlm.nih.gov/pubmed/?term=29126285%5Buid%5D+OR+27924024%5Buid%5D	Homo sapiens	GTRD,ReMap	No
O96006	9189	ZBED1	chromatin immunoprecipitation assay	https://www.ncbi.nlm.nih.gov/pubmed/?term=29126285%5Buid%5D	Homo sapiens	ReMap	No
O95503	23466	CBX6	chromatin immunoprecipitation assay	https://www.ncbi.nlm.nih.gov/pubmed/?term=27924024%5Buid%5D	Homo sapiens	GTRD	No
P35869	196	AHR	chromatin immunoprecipitation assay	https://www.ncbi.nlm.nih.gov/pubmed/?term=29126285%5Buid%5D+OR+27924024%5Buid%5D	Homo sapiens	GTRD,ReMap	No
Q9NZL3	7767	ZNF224	chromatin immunoprecipitation assay	https://www.ncbi.nlm.nih.gov/pubmed/?term=27924024%5Buid%5D	Homo sapiens	GTRD	No
Q13485	4089	SMAD4	chromatin immunoprecipitation assay	https://www.ncbi.nlm.nih.gov/pubmed/?term=29126285%5Buid%5D+OR+27924024%5Buid%5D	Homo sapiens	GTRD,ReMap	No
Q04206	5970	RELA	chromatin immunoprecipitation assay	https://www.ncbi.nlm.nih.gov/pubmed/?term=29126285%5Buid%5D+OR+27924024%5Buid%5D	Homo sapiens	GTRD,ReMap	No
Q96LW1	117608	ZNF354B	chromatin immunoprecipitation assay	https://www.ncbi.nlm.nih.gov/pubmed/?term=27924024%5Buid%5D	Homo sapiens	GTRD	No
O15391	404281	YY2	chromatin immunoprecipitation assay	https://www.ncbi.nlm.nih.gov/pubmed/?term=27924024%5Buid%5D	Homo sapiens	GTRD	No
Q6W2J9	54880	BCOR	chromatin immunoprecipitation assay	https://www.ncbi.nlm.nih.gov/pubmed/?term=29126285%5Buid%5D	Homo sapiens	ReMap	No
Q9Y4C1	55818	KDM3A	chromatin immunoprecipitation assay	https://www.ncbi.nlm.nih.gov/pubmed/?term=27924024%5Buid%5D	Homo sapiens	GTRD	No
Q7RTV0	84844	PHF5A	chromatin immunoprecipitation assay	https://www.ncbi.nlm.nih.gov/pubmed/?term=27924024%5Buid%5D	Homo sapiens	GTRD	No
O14503	8553	BHLHE40	chromatin immunoprecipitation assay	https://www.ncbi.nlm.nih.gov/pubmed/?term=29126285%5Buid%5D+OR+27924024%5Buid%5D	Homo sapiens	GTRD,ReMap	No
Q12778	2308	FOXO1	chromatin immunoprecipitation assay	https://www.ncbi.nlm.nih.gov/pubmed/?term=29126285%5Buid%5D+OR+27924024%5Buid%5D	Homo sapiens	GTRD,ReMap	No
Q13886	687	KLF9	chromatin immunoprecipitation assay	https://www.ncbi.nlm.nih.gov/pubmed/?term=29126285%5Buid%5D+OR+27924024%5Buid%5D	Homo sapiens	GTRD,ReMap	No
P29375	5927	KDM5A	chromatin immunoprecipitation assay	https://www.ncbi.nlm.nih.gov/pubmed/?term=29126285%5Buid%5D+OR+27924024%5Buid%5D	Homo sapiens	GTRD,ReMap	No
Q9UGL1	10765	KDM5B	chromatin immunoprecipitation assay	https://www.ncbi.nlm.nih.gov/pubmed/?term=29126285%5Buid%5D+OR+27924024%5Buid%5D	Homo sapiens	GTRD,ReMap	No
Q14683	8243	SMC1A	chromatin immunoprecipitation assay	https://www.ncbi.nlm.nih.gov/pubmed/?term=29126285%5Buid%5D+OR+27924024%5Buid%5D	Homo sapiens	GTRD,ReMap	No
O95365	51341	ZBTB7A	chromatin immunoprecipitation assay	https://www.ncbi.nlm.nih.gov/pubmed/?term=29126285%5Buid%5D+OR+27924024%5Buid%5D	Homo sapiens	GTRD,ReMap	No
Q03164	4297	KMT2A	chromatin immunoprecipitation assay	https://www.ncbi.nlm.nih.gov/pubmed/?term=27924024%5Buid%5D	Homo sapiens	GTRD	No
P13010	7520	XRCC5	chromatin immunoprecipitation assay	https://www.ncbi.nlm.nih.gov/pubmed/?term=27924024%5Buid%5D	Homo sapiens	GTRD	No
Q86YP4	54815	GATAD2A	chromatin immunoprecipitation assay	https://www.ncbi.nlm.nih.gov/pubmed/?term=27924024%5Buid%5D	Homo sapiens	GTRD	No
P10276	5914	RARA	chromatin immunoprecipitation assay	https://www.ncbi.nlm.nih.gov/pubmed/?term=29126285%5Buid%5D+OR+27924024%5Buid%5D	Homo sapiens	GTRD,ReMap	No
Q06587	6015	RING1	chromatin immunoprecipitation assay	https://www.ncbi.nlm.nih.gov/pubmed/?term=27924024%5Buid%5D	Homo sapiens	GTRD	No
P23511	4800	NFYA	chromatin immunoprecipitation assay	https://www.ncbi.nlm.nih.gov/pubmed/?term=29126285%5Buid%5D+OR+27924024%5Buid%5D	Homo sapiens	GTRD,ReMap	No
Q9Y2Y9	51621	KLF13	chromatin immunoprecipitation assay	https://www.ncbi.nlm.nih.gov/pubmed/?term=29126285%5Buid%5D	Homo sapiens	ReMap	No
P55316	2290	FOXG1	chromatin immunoprecipitation assay	https://www.ncbi.nlm.nih.gov/pubmed/?term=27924024%5Buid%5D	Homo sapiens	GTRD	No
Q92833	3720	JARID2	chromatin immunoprecipitation assay	https://www.ncbi.nlm.nih.gov/pubmed/?term=29126285%5Buid%5D	Homo sapiens	ReMap	No
Q8NFU7	80312	TET1	chromatin immunoprecipitation assay	https://www.ncbi.nlm.nih.gov/pubmed/?term=27924024%5Buid%5D	Homo sapiens	GTRD	No
Q8IZM8	NA	ZNF654	chromatin immunoprecipitation assay	https://www.ncbi.nlm.nih.gov/pubmed/?term=27924024%5Buid%5D	Homo sapiens	GTRD	No
P11474	2101	ESRRA	chromatin immunoprecipitation assay	https://www.ncbi.nlm.nih.gov/pubmed/?term=29126285%5Buid%5D+OR+27924024%5Buid%5D	Homo sapiens	GTRD,ReMap	No
P16220	1385	CREB1	chromatin immunoprecipitation assay	https://www.ncbi.nlm.nih.gov/pubmed/?term=29126285%5Buid%5D+OR+27924024%5Buid%5D	Homo sapiens	GTRD,ReMap	No
P17844	1655	DDX5	chromatin immunoprecipitation assay	https://www.ncbi.nlm.nih.gov/pubmed/?term=27924024%5Buid%5D	Homo sapiens	GTRD	No
P50553	429	ASCL1	chromatin immunoprecipitation assay	https://www.ncbi.nlm.nih.gov/pubmed/?term=29126285%5Buid%5D+OR+27924024%5Buid%5D	Homo sapiens	GTRD,ReMap	No
P41970	2004	ELK3	chromatin immunoprecipitation assay	https://www.ncbi.nlm.nih.gov/pubmed/?term=27924024%5Buid%5D	Homo sapiens	GTRD	No
Q13951	865	CBFB	chromatin immunoprecipitation assay	https://www.ncbi.nlm.nih.gov/pubmed/?term=29126285%5Buid%5D+OR+27924024%5Buid%5D	Homo sapiens	GTRD,ReMap	No
Q13133	10062	NR1H3	chromatin immunoprecipitation assay	https://www.ncbi.nlm.nih.gov/pubmed/?term=27924024%5Buid%5D	Homo sapiens	GTRD	No
Q7Z589	56946	EMSY	chromatin immunoprecipitation assay	https://www.ncbi.nlm.nih.gov/pubmed/?term=27924024%5Buid%5D	Homo sapiens	GTRD	No
P54274	7013	TERF1	chromatin immunoprecipitation assay	https://www.ncbi.nlm.nih.gov/pubmed/?term=29126285%5Buid%5D	Homo sapiens	ReMap	No
Q15047	9869	SETDB1	chromatin immunoprecipitation assay	https://www.ncbi.nlm.nih.gov/pubmed/?term=27924024%5Buid%5D	Homo sapiens	GTRD	No
P18846	466	ATF1	chromatin immunoprecipitation assay	https://www.ncbi.nlm.nih.gov/pubmed/?term=29126285%5Buid%5D+OR+27924024%5Buid%5D	Homo sapiens	GTRD,ReMap	No
P13682	7584	ZNF35	chromatin immunoprecipitation assay	https://www.ncbi.nlm.nih.gov/pubmed/?term=27924024%5Buid%5D	Homo sapiens	GTRD	No
Q32MQ0	79755	ZNF750	chromatin immunoprecipitation assay	https://www.ncbi.nlm.nih.gov/pubmed/?term=29126285%5Buid%5D	Homo sapiens	ReMap	No
Q15652	221037	JMJD1C	chromatin immunoprecipitation assay	https://www.ncbi.nlm.nih.gov/pubmed/?term=29126285%5Buid%5D	Homo sapiens	ReMap	No
Q93009	7874	USP7	chromatin immunoprecipitation assay	https://www.ncbi.nlm.nih.gov/pubmed/?term=29126285%5Buid%5D+OR+27924024%5Buid%5D	Homo sapiens	GTRD,ReMap	No
Q6UN15	81608	FIP1L1	chromatin immunoprecipitation assay	https://www.ncbi.nlm.nih.gov/pubmed/?term=27924024%5Buid%5D	Homo sapiens	GTRD	No
Q8WVM7	10274	STAG1	chromatin immunoprecipitation assay	https://www.ncbi.nlm.nih.gov/pubmed/?term=29126285%5Buid%5D+OR+27924024%5Buid%5D	Homo sapiens	GTRD,ReMap	No
Q92793	1387	CREBBP	chromatin immunoprecipitation assay	https://www.ncbi.nlm.nih.gov/pubmed/?term=29126285%5Buid%5D+OR+27924024%5Buid%5D	Homo sapiens	GTRD,ReMap	No
P53567	1054	CEBPG	chromatin immunoprecipitation assay	https://www.ncbi.nlm.nih.gov/pubmed/?term=27924024%5Buid%5D	Homo sapiens	GTRD	No
Q8IV16	338328	GPIHBP1	chromatin immunoprecipitation assay	https://www.ncbi.nlm.nih.gov/pubmed/?term=29126285%5Buid%5D	Homo sapiens	ReMap	No
P51858	3068	HDGF	chromatin immunoprecipitation assay	https://www.ncbi.nlm.nih.gov/pubmed/?term=29126285%5Buid%5D	Homo sapiens	ReMap	No
O43524	2309	FOXO3	chromatin immunoprecipitation assay	https://www.ncbi.nlm.nih.gov/pubmed/?term=27924024%5Buid%5D	Homo sapiens	GTRD	No
Q9UH73	1879	EBF1	chromatin immunoprecipitation assay	https://www.ncbi.nlm.nih.gov/pubmed/?term=29126285%5Buid%5D+OR+27924024%5Buid%5D	Homo sapiens	GTRD,ReMap	No
Q9NYF8	9774	BCLAF1	chromatin immunoprecipitation assay	https://www.ncbi.nlm.nih.gov/pubmed/?term=29126285%5Buid%5D+OR+27924024%5Buid%5D	Homo sapiens	GTRD,ReMap	No
Q6AHZ1	9849	ZNF518A	chromatin immunoprecipitation assay	https://www.ncbi.nlm.nih.gov/pubmed/?term=27924024%5Buid%5D	Homo sapiens	GTRD	No
Q9BY41	55869	HDAC8	chromatin immunoprecipitation assay	https://www.ncbi.nlm.nih.gov/pubmed/?term=29126285%5Buid%5D	Homo sapiens	ReMap	No
Q99453	8929	PHOX2B	chromatin immunoprecipitation assay	https://www.ncbi.nlm.nih.gov/pubmed/?term=27924024%5Buid%5D	Homo sapiens	GTRD	No
Q8IXJ9	171023	ASXL1	chromatin immunoprecipitation assay	https://www.ncbi.nlm.nih.gov/pubmed/?term=29126285%5Buid%5D	Homo sapiens	ReMap	No
O95096	4821	NKX2-2	chromatin immunoprecipitation assay	https://www.ncbi.nlm.nih.gov/pubmed/?term=29126285%5Buid%5D	Homo sapiens	ReMap	No
O43296	9422	ZNF264	chromatin immunoprecipitation assay	https://www.ncbi.nlm.nih.gov/pubmed/?term=27924024%5Buid%5D	Homo sapiens	GTRD	No
Q01201	5971	RELB	chromatin immunoprecipitation assay	https://www.ncbi.nlm.nih.gov/pubmed/?term=27924024%5Buid%5D	Homo sapiens	GTRD	No
Q92800	2145	EZH1	chromatin immunoprecipitation assay	https://www.ncbi.nlm.nih.gov/pubmed/?term=29126285%5Buid%5D	Homo sapiens	ReMap	No
Q08050	2305	FOXM1	chromatin immunoprecipitation assay	https://www.ncbi.nlm.nih.gov/pubmed/?term=29126285%5Buid%5D+OR+27924024%5Buid%5D	Homo sapiens	GTRD,ReMap	No
Q92785	5977	DPF2	chromatin immunoprecipitation assay	https://www.ncbi.nlm.nih.gov/pubmed/?term=29126285%5Buid%5D+OR+27924024%5Buid%5D	Homo sapiens	GTRD,ReMap	No
P26583	3148	HMGB2	chromatin immunoprecipitation assay	https://www.ncbi.nlm.nih.gov/pubmed/?term=27924024%5Buid%5D	Homo sapiens	GTRD	No
Q14839	1108	CHD4	chromatin immunoprecipitation assay	https://www.ncbi.nlm.nih.gov/pubmed/?term=27924024%5Buid%5D	Homo sapiens	GTRD	No
Q15022	23512	SUZ12	chromatin immunoprecipitation assay	https://www.ncbi.nlm.nih.gov/pubmed/?term=29126285%5Buid%5D+OR+27924024%5Buid%5D	Homo sapiens	GTRD,ReMap	No
Q9H2H0	NA	CXXC4	chromatin immunoprecipitation assay	https://www.ncbi.nlm.nih.gov/pubmed/?term=29126285%5Buid%5D	Homo sapiens	ReMap	No
Q06546	2551	GABPA	chromatin immunoprecipitation assay	https://www.ncbi.nlm.nih.gov/pubmed/?term=29126285%5Buid%5D+OR+27924024%5Buid%5D	Homo sapiens	GTRD,ReMap	No
Q9UN79	9580	SOX13	chromatin immunoprecipitation assay	https://www.ncbi.nlm.nih.gov/pubmed/?term=27924024%5Buid%5D	Homo sapiens	GTRD	No
P55055	7376	NR1H2	chromatin immunoprecipitation assay	https://www.ncbi.nlm.nih.gov/pubmed/?term=29126285%5Buid%5D	Homo sapiens	ReMap	No
Q14119	7716	VEZF1	chromatin immunoprecipitation assay	https://www.ncbi.nlm.nih.gov/pubmed/?term=27924024%5Buid%5D	Homo sapiens	GTRD	No
Q9UDV7	8427	ZNF282	chromatin immunoprecipitation assay	https://www.ncbi.nlm.nih.gov/pubmed/?term=27924024%5Buid%5D	Homo sapiens	GTRD	No
Q9ULG1	54617	INO80	chromatin immunoprecipitation assay	https://www.ncbi.nlm.nih.gov/pubmed/?term=27924024%5Buid%5D	Homo sapiens	GTRD	No
P04150	2908	NR3C1	chromatin immunoprecipitation assay	https://www.ncbi.nlm.nih.gov/pubmed/?term=29126285%5Buid%5D+OR+27924024%5Buid%5D	Homo sapiens	GTRD,ReMap	No
O00267	6829	SUPT5H	chromatin immunoprecipitation assay	https://www.ncbi.nlm.nih.gov/pubmed/?term=27924024%5Buid%5D	Homo sapiens	GTRD	No
O75182	23309	SIN3B	chromatin immunoprecipitation assay	https://www.ncbi.nlm.nih.gov/pubmed/?term=29126285%5Buid%5D+OR+27924024%5Buid%5D	Homo sapiens	GTRD,ReMap	No
P51522	55769	ZNF83	chromatin immunoprecipitation assay	https://www.ncbi.nlm.nih.gov/pubmed/?term=27924024%5Buid%5D	Homo sapiens	GTRD	No
Q9P0U4	30827	CXXC1	chromatin immunoprecipitation assay	https://www.ncbi.nlm.nih.gov/pubmed/?term=27924024%5Buid%5D	Homo sapiens	GTRD	No
O14497	8289	ARID1A	chromatin immunoprecipitation assay	https://www.ncbi.nlm.nih.gov/pubmed/?term=29126285%5Buid%5D	Homo sapiens	ReMap	No
P09086	5452	POU2F2	chromatin immunoprecipitation assay	https://www.ncbi.nlm.nih.gov/pubmed/?term=29126285%5Buid%5D+OR+27924024%5Buid%5D	Homo sapiens	GTRD,ReMap	No
Q92769	3066	HDAC2	chromatin immunoprecipitation assay	https://www.ncbi.nlm.nih.gov/pubmed/?term=29126285%5Buid%5D+OR+27924024%5Buid%5D	Homo sapiens	GTRD,ReMap	No
Q9UBL3	9070	ASH2L	chromatin immunoprecipitation assay	https://www.ncbi.nlm.nih.gov/pubmed/?term=29126285%5Buid%5D+OR+27924024%5Buid%5D	Homo sapiens	GTRD,ReMap	No
P51825	4299	AFF1	chromatin immunoprecipitation assay	https://www.ncbi.nlm.nih.gov/pubmed/?term=27924024%5Buid%5D	Homo sapiens	GTRD	No
A0A023HHK9	NA	-	chromatin immunoprecipitation assay	https://www.ncbi.nlm.nih.gov/pubmed/?term=27924024%5Buid%5D	Homo sapiens	GTRD	No
A0AVK6	79733	E2F8	chromatin immunoprecipitation assay	https://www.ncbi.nlm.nih.gov/pubmed/?term=27924024%5Buid%5D	Homo sapiens	GTRD	No
Q16621	4778	NFE2	chromatin immunoprecipitation assay	https://www.ncbi.nlm.nih.gov/pubmed/?term=29126285%5Buid%5D+OR+27924024%5Buid%5D	Homo sapiens	GTRD,ReMap	No
Q969R5	83746	L3MBTL2	chromatin immunoprecipitation assay	https://www.ncbi.nlm.nih.gov/pubmed/?term=27924024%5Buid%5D	Homo sapiens	GTRD	No
Q13887	688	KLF5	chromatin immunoprecipitation assay	https://www.ncbi.nlm.nih.gov/pubmed/?term=29126285%5Buid%5D+OR+27924024%5Buid%5D	Homo sapiens	GTRD,ReMap	No
Q9GZV8	63978	PRDM14	chromatin immunoprecipitation assay	https://www.ncbi.nlm.nih.gov/pubmed/?term=29126285%5Buid%5D+OR+27924024%5Buid%5D	Homo sapiens	GTRD,ReMap	No
Q9NUA8	9923	ZBTB40	chromatin immunoprecipitation assay	https://www.ncbi.nlm.nih.gov/pubmed/?term=27924024%5Buid%5D	Homo sapiens	GTRD	No
P10914	3659	IRF1	chromatin immunoprecipitation assay	https://www.ncbi.nlm.nih.gov/pubmed/?term=29126285%5Buid%5D+OR+27924024%5Buid%5D	Homo sapiens	GTRD,ReMap	No
Q13363	1487	CTBP1	chromatin immunoprecipitation assay	https://www.ncbi.nlm.nih.gov/pubmed/?term=29126285%5Buid%5D	Homo sapiens	ReMap	No
P17861	7494	XBP1	chromatin immunoprecipitation assay	https://www.ncbi.nlm.nih.gov/pubmed/?term=29126285%5Buid%5D+OR+27924024%5Buid%5D	Homo sapiens	GTRD,ReMap	No
P10588	2063	NR2F6	chromatin immunoprecipitation assay	https://www.ncbi.nlm.nih.gov/pubmed/?term=29126285%5Buid%5D+OR+27924024%5Buid%5D	Homo sapiens	GTRD,ReMap	No
Q99593	6910	TBX5	chromatin immunoprecipitation assay	https://www.ncbi.nlm.nih.gov/pubmed/?term=27924024%5Buid%5D	Homo sapiens	GTRD	No
Q13568	3663	IRF5	chromatin immunoprecipitation assay	https://www.ncbi.nlm.nih.gov/pubmed/?term=27924024%5Buid%5D	Homo sapiens	GTRD	No
Q03468	2074	ERCC6	chromatin immunoprecipitation assay	https://www.ncbi.nlm.nih.gov/pubmed/?term=27924024%5Buid%5D	Homo sapiens	GTRD	No
P83916	10951	CBX1	chromatin immunoprecipitation assay	https://www.ncbi.nlm.nih.gov/pubmed/?term=29126285%5Buid%5D+OR+27924024%5Buid%5D	Homo sapiens	GTRD,ReMap	No
O95251	11143	KAT7	chromatin immunoprecipitation assay	https://www.ncbi.nlm.nih.gov/pubmed/?term=27924024%5Buid%5D	Homo sapiens	GTRD	No
Q5VWG9	83860	TAF3	chromatin immunoprecipitation assay	https://www.ncbi.nlm.nih.gov/pubmed/?term=29126285%5Buid%5D	Homo sapiens	ReMap	No
O94953	23030	KDM4B	chromatin immunoprecipitation assay	https://www.ncbi.nlm.nih.gov/pubmed/?term=29126285%5Buid%5D+OR+27924024%5Buid%5D	Homo sapiens	GTRD,ReMap	No
P55317	3169	FOXA1	chromatin immunoprecipitation assay	https://www.ncbi.nlm.nih.gov/pubmed/?term=29126285%5Buid%5D+OR+27924024%5Buid%5D	Homo sapiens	GTRD,ReMap	No
P17542	6886	TAL1	chromatin immunoprecipitation assay,inferred by curator	https://www.ncbi.nlm.nih.gov/pubmed/?term=29126285%5Buid%5D+OR+18971253%5Buid%5D+OR+27924024%5Buid%5D+OR+26578589%5Buid%5D	Homo sapiens	GTRD,ORegAnno,PAZAR,ReMap	No
Q15776	7745	ZKSCAN8	chromatin immunoprecipitation assay	https://www.ncbi.nlm.nih.gov/pubmed/?term=27924024%5Buid%5D	Homo sapiens	GTRD	No
P41161	2119	ETV5	chromatin immunoprecipitation assay	https://www.ncbi.nlm.nih.gov/pubmed/?term=27924024%5Buid%5D	Homo sapiens	GTRD	No
O95243	8930	MBD4	chromatin immunoprecipitation assay	https://www.ncbi.nlm.nih.gov/pubmed/?term=29126285%5Buid%5D+OR+27924024%5Buid%5D	Homo sapiens	GTRD,ReMap	No
P14316	3660	IRF2	chromatin immunoprecipitation assay	https://www.ncbi.nlm.nih.gov/pubmed/?term=29126285%5Buid%5D+OR+27924024%5Buid%5D	Homo sapiens	GTRD,ReMap	No
Q02548	5079	PAX5	chromatin immunoprecipitation assay	https://www.ncbi.nlm.nih.gov/pubmed/?term=29126285%5Buid%5D+OR+27924024%5Buid%5D	Homo sapiens	GTRD,ReMap	No
P14921	2113	ETS1	chromatin immunoprecipitation assay	https://www.ncbi.nlm.nih.gov/pubmed/?term=29126285%5Buid%5D+OR+27924024%5Buid%5D+OR+20019798%5Buid%5D+OR+22900683%5Buid%5D	Homo sapiens	GTRD,HTRI,ReMap	No
Q9UL17	30009	TBX21	chromatin immunoprecipitation assay	https://www.ncbi.nlm.nih.gov/pubmed/?term=29126285%5Buid%5D+OR+27924024%5Buid%5D	Homo sapiens	GTRD,ReMap	No
O95644	4772	NFATC1	chromatin immunoprecipitation assay	https://www.ncbi.nlm.nih.gov/pubmed/?term=29126285%5Buid%5D+OR+27924024%5Buid%5D	Homo sapiens	GTRD,ReMap	No
O75444	4094	MAF	chromatin immunoprecipitation assay	https://www.ncbi.nlm.nih.gov/pubmed/?term=29126285%5Buid%5D+OR+27924024%5Buid%5D	Homo sapiens	GTRD,ReMap	No
Q13952	4802	NFYC	chromatin immunoprecipitation assay	https://www.ncbi.nlm.nih.gov/pubmed/?term=27924024%5Buid%5D	Homo sapiens	GTRD	No
O43435	6899	TBX1	chromatin immunoprecipitation assay	https://www.ncbi.nlm.nih.gov/pubmed/?term=27924024%5Buid%5D	Homo sapiens	GTRD	No
Q9UHI6	11218	DDX20	chromatin immunoprecipitation assay	https://www.ncbi.nlm.nih.gov/pubmed/?term=29126285%5Buid%5D	Homo sapiens	ReMap	No
Q9HC52	57332	CBX8	chromatin immunoprecipitation assay	https://www.ncbi.nlm.nih.gov/pubmed/?term=27924024%5Buid%5D	Homo sapiens	GTRD	No
P15923	6929	TCF3	chromatin immunoprecipitation assay	https://www.ncbi.nlm.nih.gov/pubmed/?term=29126285%5Buid%5D+OR+27924024%5Buid%5D	Homo sapiens	GTRD,ReMap	No
P50750	1025	CDK9	chromatin immunoprecipitation assay	https://www.ncbi.nlm.nih.gov/pubmed/?term=29126285%5Buid%5D+OR+27924024%5Buid%5D	Homo sapiens	GTRD,ReMap	No
P18847	467	ATF3	chromatin immunoprecipitation assay	https://www.ncbi.nlm.nih.gov/pubmed/?term=29126285%5Buid%5D+OR+27924024%5Buid%5D	Homo sapiens	GTRD,ReMap	No
Q8WVV9	92906	HNRNPLL	chromatin immunoprecipitation assay	https://www.ncbi.nlm.nih.gov/pubmed/?term=27924024%5Buid%5D	Homo sapiens	GTRD	No
Q96ST3	25942	SIN3A	chromatin immunoprecipitation assay	https://www.ncbi.nlm.nih.gov/pubmed/?term=29126285%5Buid%5D+OR+27924024%5Buid%5D	Homo sapiens	GTRD,ReMap	No
Q9BYN7	84905	ZNF341	chromatin immunoprecipitation assay	https://www.ncbi.nlm.nih.gov/pubmed/?term=27924024%5Buid%5D	Homo sapiens	GTRD	No
Q16254	1874	E2F4	chromatin immunoprecipitation assay	https://www.ncbi.nlm.nih.gov/pubmed/?term=29126285%5Buid%5D+OR+27924024%5Buid%5D	Homo sapiens	GTRD,ReMap	No
P17010	7543	ZFX	chromatin immunoprecipitation assay	https://www.ncbi.nlm.nih.gov/pubmed/?term=29126285%5Buid%5D+OR+27924024%5Buid%5D	Homo sapiens	GTRD,ReMap	No
P24278	7597	ZBTB25	chromatin immunoprecipitation assay	https://www.ncbi.nlm.nih.gov/pubmed/?term=27924024%5Buid%5D	Homo sapiens	GTRD	No
P15408	2355	FOSL2	chromatin immunoprecipitation assay	https://www.ncbi.nlm.nih.gov/pubmed/?term=29126285%5Buid%5D+OR+27924024%5Buid%5D	Homo sapiens	GTRD,ReMap	No
O43623	6591	SNAI2	chromatin immunoprecipitation assay	https://www.ncbi.nlm.nih.gov/pubmed/?term=29126285%5Buid%5D+OR+27924024%5Buid%5D	Homo sapiens	GTRD,ReMap	No
Q96KQ7	10919	EHMT2	chromatin immunoprecipitation assay	https://www.ncbi.nlm.nih.gov/pubmed/?term=27924024%5Buid%5D	Homo sapiens	GTRD	No
P56270	4150	MAZ	chromatin immunoprecipitation assay	https://www.ncbi.nlm.nih.gov/pubmed/?term=29126285%5Buid%5D+OR+27924024%5Buid%5D	Homo sapiens	GTRD,ReMap	No
P50120	5948	RBP2	chromatin immunoprecipitation assay	https://www.ncbi.nlm.nih.gov/pubmed/?term=29126285%5Buid%5D	Homo sapiens	ReMap	No
Q13118	7071	KLF10	chromatin immunoprecipitation assay	https://www.ncbi.nlm.nih.gov/pubmed/?term=27924024%5Buid%5D	Homo sapiens	GTRD	No
Q92908	2627	GATA6	chromatin immunoprecipitation assay	https://www.ncbi.nlm.nih.gov/pubmed/?term=29126285%5Buid%5D+OR+27924024%5Buid%5D	Homo sapiens	GTRD,ReMap	No
P41235	3172	HNF4A	chromatin immunoprecipitation assay	https://www.ncbi.nlm.nih.gov/pubmed/?term=29126285%5Buid%5D+OR+27924024%5Buid%5D	Homo sapiens	GTRD,ReMap	No
P32243	5015	OTX2	chromatin immunoprecipitation assay	https://www.ncbi.nlm.nih.gov/pubmed/?term=27924024%5Buid%5D	Homo sapiens	GTRD	No
Q6N043	54816	ZNF280D	chromatin immunoprecipitation assay	https://www.ncbi.nlm.nih.gov/pubmed/?term=27924024%5Buid%5D	Homo sapiens	GTRD	No
Q06547	2553	GABPB1	chromatin immunoprecipitation assay	https://www.ncbi.nlm.nih.gov/pubmed/?term=27924024%5Buid%5D	Homo sapiens	GTRD	No
Q5TA45	54973	INTS11	chromatin immunoprecipitation assay	https://www.ncbi.nlm.nih.gov/pubmed/?term=27924024%5Buid%5D	Homo sapiens	GTRD	No
P12755	6497	SKI	chromatin immunoprecipitation assay	https://www.ncbi.nlm.nih.gov/pubmed/?term=27924024%5Buid%5D	Homo sapiens	GTRD	No
O00472	22936	ELL2	chromatin immunoprecipitation assay	https://www.ncbi.nlm.nih.gov/pubmed/?term=29126285%5Buid%5D+OR+27924024%5Buid%5D	Homo sapiens	GTRD,ReMap	No
Q9H3P2	7469	NELFA	chromatin immunoprecipitation assay	https://www.ncbi.nlm.nih.gov/pubmed/?term=29126285%5Buid%5D+OR+27924024%5Buid%5D	Homo sapiens	GTRD,ReMap	No
P49715	1050	CEBPA	chromatin immunoprecipitation assay	https://www.ncbi.nlm.nih.gov/pubmed/?term=27924024%5Buid%5D	Homo sapiens	GTRD	No
Q15424	6294	SAFB	chromatin immunoprecipitation assay	https://www.ncbi.nlm.nih.gov/pubmed/?term=27924024%5Buid%5D	Homo sapiens	GTRD	No
Q9UKF6	51692	CPSF3	chromatin immunoprecipitation assay	https://www.ncbi.nlm.nih.gov/pubmed/?term=27924024%5Buid%5D	Homo sapiens	GTRD	No
P85037	221937	FOXK1	chromatin immunoprecipitation assay	https://www.ncbi.nlm.nih.gov/pubmed/?term=29126285%5Buid%5D+OR+27924024%5Buid%5D	Homo sapiens	GTRD,ReMap	No
P42229	6776	STAT5A	chromatin immunoprecipitation assay	https://www.ncbi.nlm.nih.gov/pubmed/?term=29126285%5Buid%5D+OR+27924024%5Buid%5D	Homo sapiens	GTRD,ReMap	No
Q14186	7027	TFDP1	chromatin immunoprecipitation assay	https://www.ncbi.nlm.nih.gov/pubmed/?term=27924024%5Buid%5D	Homo sapiens	GTRD	No
O75175	4849	CNOT3	chromatin immunoprecipitation assay	https://www.ncbi.nlm.nih.gov/pubmed/?term=27924024%5Buid%5D	Homo sapiens	GTRD	No
Q99626	1045	CDX2	chromatin immunoprecipitation assay	https://www.ncbi.nlm.nih.gov/pubmed/?term=29126285%5Buid%5D+OR+27924024%5Buid%5D	Homo sapiens	GTRD,ReMap	No
Q6P2D0	162239	ZFP1	chromatin immunoprecipitation assay	https://www.ncbi.nlm.nih.gov/pubmed/?term=27924024%5Buid%5D	Homo sapiens	GTRD	No
O15409	93986	FOXP2	chromatin immunoprecipitation assay	https://www.ncbi.nlm.nih.gov/pubmed/?term=29126285%5Buid%5D	Homo sapiens	ReMap	No
Q9BRP0	58495	OVOL2	chromatin immunoprecipitation assay	https://www.ncbi.nlm.nih.gov/pubmed/?term=27924024%5Buid%5D	Homo sapiens	GTRD	No
Q9UBB5	8932	MBD2	chromatin immunoprecipitation assay	https://www.ncbi.nlm.nih.gov/pubmed/?term=27924024%5Buid%5D	Homo sapiens	GTRD	No
Q99929	430	ASCL2	chromatin immunoprecipitation assay	https://www.ncbi.nlm.nih.gov/pubmed/?term=27924024%5Buid%5D	Homo sapiens	GTRD	No
Q99496	6045	RNF2	chromatin immunoprecipitation assay	https://www.ncbi.nlm.nih.gov/pubmed/?term=29126285%5Buid%5D+OR+27924024%5Buid%5D	Homo sapiens	GTRD,ReMap	No
Q7Z3K6	166968	MIER3	chromatin immunoprecipitation assay	https://www.ncbi.nlm.nih.gov/pubmed/?term=27924024%5Buid%5D	Homo sapiens	GTRD	No
P10073	342945	ZSCAN22	chromatin immunoprecipitation assay	https://www.ncbi.nlm.nih.gov/pubmed/?term=27924024%5Buid%5D	Homo sapiens	GTRD	No
P10589	7025	NR2F1	chromatin immunoprecipitation assay	https://www.ncbi.nlm.nih.gov/pubmed/?term=29126285%5Buid%5D+OR+27924024%5Buid%5D	Homo sapiens	GTRD,ReMap	No
Q96EK4	57215	THAP11	chromatin immunoprecipitation assay	https://www.ncbi.nlm.nih.gov/pubmed/?term=27924024%5Buid%5D	Homo sapiens	GTRD	No
O75461	1876	E2F6	chromatin immunoprecipitation assay	https://www.ncbi.nlm.nih.gov/pubmed/?term=29126285%5Buid%5D+OR+27924024%5Buid%5D	Homo sapiens	GTRD,ReMap	No
Q8TAQ2	6601	SMARCC2	chromatin immunoprecipitation assay	https://www.ncbi.nlm.nih.gov/pubmed/?term=27924024%5Buid%5D	Homo sapiens	GTRD	No
Q4LE39	51742	ARID4B	chromatin immunoprecipitation assay	https://www.ncbi.nlm.nih.gov/pubmed/?term=27924024%5Buid%5D	Homo sapiens	GTRD	No
O15164	8805	TRIM24	chromatin immunoprecipitation assay	https://www.ncbi.nlm.nih.gov/pubmed/?term=29126285%5Buid%5D+OR+27924024%5Buid%5D	Homo sapiens	GTRD,ReMap	No
P55318	3171	FOXA3	chromatin immunoprecipitation assay	https://www.ncbi.nlm.nih.gov/pubmed/?term=27924024%5Buid%5D	Homo sapiens	GTRD	No
Q8TE85	57822	GRHL3	chromatin immunoprecipitation assay	https://www.ncbi.nlm.nih.gov/pubmed/?term=27924024%5Buid%5D	Homo sapiens	GTRD	No
Q6NT76	79618	HMBOX1	chromatin immunoprecipitation assay	https://www.ncbi.nlm.nih.gov/pubmed/?term=29126285%5Buid%5D	Homo sapiens	ReMap	No
Q8NFD5	57492	ARID1B	chromatin immunoprecipitation assay	https://www.ncbi.nlm.nih.gov/pubmed/?term=27924024%5Buid%5D	Homo sapiens	GTRD	No
Q9UL18	26523	AGO1	chromatin immunoprecipitation assay	https://www.ncbi.nlm.nih.gov/pubmed/?term=27924024%5Buid%5D	Homo sapiens	GTRD	No
P48436	6662	SOX9	chromatin immunoprecipitation assay	https://www.ncbi.nlm.nih.gov/pubmed/?term=29126285%5Buid%5D+OR+27924024%5Buid%5D	Homo sapiens	GTRD,ReMap	No
P17535	3727	JUND	chromatin immunoprecipitation assay	https://www.ncbi.nlm.nih.gov/pubmed/?term=29126285%5Buid%5D+OR+27924024%5Buid%5D	Homo sapiens	GTRD,ReMap	No
Q9ULJ6	57178	ZMIZ1	chromatin immunoprecipitation assay	https://www.ncbi.nlm.nih.gov/pubmed/?term=29126285%5Buid%5D+OR+27924024%5Buid%5D	Homo sapiens	GTRD,ReMap	No
O95948	9480	ONECUT2	chromatin immunoprecipitation assay	https://www.ncbi.nlm.nih.gov/pubmed/?term=27924024%5Buid%5D	Homo sapiens	GTRD	No
Q13127	5978	REST	chromatin immunoprecipitation assay	https://www.ncbi.nlm.nih.gov/pubmed/?term=29126285%5Buid%5D+OR+27924024%5Buid%5D	Homo sapiens	GTRD,ReMap	No
Q01196	861	RUNX1	chromatin immunoprecipitation assay	https://www.ncbi.nlm.nih.gov/pubmed/?term=29126285%5Buid%5D+OR+27924024%5Buid%5D	Homo sapiens	GTRD,ReMap	No
Q8WUU5	57798	GATAD1	chromatin immunoprecipitation assay	https://www.ncbi.nlm.nih.gov/pubmed/?term=29126285%5Buid%5D+OR+27924024%5Buid%5D	Homo sapiens	GTRD,ReMap	No
O60885	23476	BRD4	chromatin immunoprecipitation assay	https://www.ncbi.nlm.nih.gov/pubmed/?term=29126285%5Buid%5D+OR+27924024%5Buid%5D	Homo sapiens	GTRD,ReMap	No
Q16656	4899	NRF1	chromatin immunoprecipitation assay	https://www.ncbi.nlm.nih.gov/pubmed/?term=29126285%5Buid%5D+OR+27924024%5Buid%5D	Homo sapiens	GTRD,ReMap	No
P50539	4601	MXI1	chromatin immunoprecipitation assay	https://www.ncbi.nlm.nih.gov/pubmed/?term=29126285%5Buid%5D+OR+27924024%5Buid%5D	Homo sapiens	GTRD,ReMap	No
P15172	4654	MYOD1	chromatin immunoprecipitation assay	https://www.ncbi.nlm.nih.gov/pubmed/?term=29126285%5Buid%5D+OR+27924024%5Buid%5D	Homo sapiens	GTRD,ReMap	No
Q86VK4	57862	ZNF410	chromatin immunoprecipitation assay	https://www.ncbi.nlm.nih.gov/pubmed/?term=27924024%5Buid%5D	Homo sapiens	GTRD	No
P06400	5925	RB1	chromatin immunoprecipitation assay	https://www.ncbi.nlm.nih.gov/pubmed/?term=29126285%5Buid%5D+OR+27924024%5Buid%5D	Homo sapiens	GTRD,ReMap	No
Q9NPC7	55892	MYNN	chromatin immunoprecipitation assay	https://www.ncbi.nlm.nih.gov/pubmed/?term=29126285%5Buid%5D+OR+27924024%5Buid%5D	Homo sapiens	GTRD,ReMap	No
P15884	6925	TCF4	chromatin immunoprecipitation assay	https://www.ncbi.nlm.nih.gov/pubmed/?term=29126285%5Buid%5D+OR+27924024%5Buid%5D	Homo sapiens	GTRD,ReMap	No
Q99856	1820	ARID3A	chromatin immunoprecipitation assay	https://www.ncbi.nlm.nih.gov/pubmed/?term=29126285%5Buid%5D	Homo sapiens	ReMap	No
P51532	6597	SMARCA4	chromatin immunoprecipitation assay,inferred by curator	https://www.ncbi.nlm.nih.gov/pubmed/?term=29126285%5Buid%5D+OR+18971253%5Buid%5D+OR+27924024%5Buid%5D+OR+26578589%5Buid%5D	Homo sapiens	GTRD,ORegAnno,PAZAR,ReMap	No
O94913	51585	PCF11	chromatin immunoprecipitation assay	https://www.ncbi.nlm.nih.gov/pubmed/?term=27924024%5Buid%5D	Homo sapiens	GTRD	No
P52747	7702	ZNF143	chromatin immunoprecipitation assay	https://www.ncbi.nlm.nih.gov/pubmed/?term=29126285%5Buid%5D+OR+27924024%5Buid%5D	Homo sapiens	GTRD,ReMap	No
Q9NZM4	29998	BICRA	chromatin immunoprecipitation assay	https://www.ncbi.nlm.nih.gov/pubmed/?term=27924024%5Buid%5D	Homo sapiens	GTRD	No
P49716	1052	CEBPD	chromatin immunoprecipitation assay	https://www.ncbi.nlm.nih.gov/pubmed/?term=29126285%5Buid%5D+OR+27924024%5Buid%5D	Homo sapiens	GTRD,ReMap	No
Q16533	6617	SNAPC1	chromatin immunoprecipitation assay	https://www.ncbi.nlm.nih.gov/pubmed/?term=29126285%5Buid%5D	Homo sapiens	ReMap	No
Q13185	11335	CBX3	chromatin immunoprecipitation assay	https://www.ncbi.nlm.nih.gov/pubmed/?term=29126285%5Buid%5D+OR+27924024%5Buid%5D	Homo sapiens	GTRD,ReMap	No
Q9C0K0	64919	BCL11B	chromatin immunoprecipitation assay	https://www.ncbi.nlm.nih.gov/pubmed/?term=27924024%5Buid%5D	Homo sapiens	GTRD	No
Q99848	10969	EBNA1BP2	chromatin immunoprecipitation assay	https://www.ncbi.nlm.nih.gov/pubmed/?term=27924024%5Buid%5D	Homo sapiens	GTRD	No
O75593	8928	FOXH1	chromatin immunoprecipitation assay	https://www.ncbi.nlm.nih.gov/pubmed/?term=27924024%5Buid%5D	Homo sapiens	GTRD	No
P14866	3191	HNRNPL	chromatin immunoprecipitation assay	https://www.ncbi.nlm.nih.gov/pubmed/?term=27924024%5Buid%5D	Homo sapiens	GTRD	No
P13349	4617	MYF5	chromatin immunoprecipitation assay	https://www.ncbi.nlm.nih.gov/pubmed/?term=27924024%5Buid%5D	Homo sapiens	GTRD	No
P49790	9972	NUP153	chromatin immunoprecipitation assay	https://www.ncbi.nlm.nih.gov/pubmed/?term=27924024%5Buid%5D	Homo sapiens	GTRD	No
P29590	5371	PML	chromatin immunoprecipitation assay	https://www.ncbi.nlm.nih.gov/pubmed/?term=29126285%5Buid%5D+OR+27924024%5Buid%5D	Homo sapiens	GTRD,ReMap	No
Q14498	9584	RBM39	chromatin immunoprecipitation assay	https://www.ncbi.nlm.nih.gov/pubmed/?term=27924024%5Buid%5D	Homo sapiens	GTRD	No
P28702	6257	RXRB	chromatin immunoprecipitation assay	https://www.ncbi.nlm.nih.gov/pubmed/?term=27924024%5Buid%5D	Homo sapiens	GTRD	No
P19793	6256	RXRA	chromatin immunoprecipitation assay	https://www.ncbi.nlm.nih.gov/pubmed/?term=29126285%5Buid%5D+OR+27924024%5Buid%5D	Homo sapiens	GTRD,ReMap	No
P35659	7913	DEK	chromatin immunoprecipitation assay	https://www.ncbi.nlm.nih.gov/pubmed/?term=29126285%5Buid%5D+OR+27924024%5Buid%5D	Homo sapiens	GTRD,ReMap	No
O15516	9575	CLOCK	chromatin immunoprecipitation assay	https://www.ncbi.nlm.nih.gov/pubmed/?term=27924024%5Buid%5D	Homo sapiens	GTRD	No
Q9UMN6	9757	KMT2B	chromatin immunoprecipitation assay	https://www.ncbi.nlm.nih.gov/pubmed/?term=29126285%5Buid%5D+OR+27924024%5Buid%5D	Homo sapiens	GTRD,ReMap	No
Q9UGU5	10042	HMGXB4	chromatin immunoprecipitation assay	https://www.ncbi.nlm.nih.gov/pubmed/?term=27924024%5Buid%5D	Homo sapiens	GTRD	No
Q9H4W6	253738	EBF3	chromatin immunoprecipitation assay	https://www.ncbi.nlm.nih.gov/pubmed/?term=27924024%5Buid%5D	Homo sapiens	GTRD	No
P60484	5728	PTEN	chromatin immunoprecipitation assay	https://www.ncbi.nlm.nih.gov/pubmed/?term=27924024%5Buid%5D	Homo sapiens	GTRD	No
Q8NBF1	148979	GLIS1	chromatin immunoprecipitation assay	https://www.ncbi.nlm.nih.gov/pubmed/?term=27924024%5Buid%5D	Homo sapiens	GTRD	No
Q9H0E3	79595	SAP130	chromatin immunoprecipitation assay	https://www.ncbi.nlm.nih.gov/pubmed/?term=27924024%5Buid%5D	Homo sapiens	GTRD	No
Q9C0A1	85446	ZFHX2	chromatin immunoprecipitation assay	https://www.ncbi.nlm.nih.gov/pubmed/?term=27924024%5Buid%5D	Homo sapiens	GTRD	No
Q12772	6721	SREBF2	chromatin immunoprecipitation assay	https://www.ncbi.nlm.nih.gov/pubmed/?term=27924024%5Buid%5D	Homo sapiens	GTRD	No
Q92754	7022	TFAP2C	chromatin immunoprecipitation assay	https://www.ncbi.nlm.nih.gov/pubmed/?term=29126285%5Buid%5D+OR+27924024%5Buid%5D	Homo sapiens	GTRD,ReMap	No
Q6NYC1	23210	JMJD6	chromatin immunoprecipitation assay	https://www.ncbi.nlm.nih.gov/pubmed/?term=27924024%5Buid%5D	Homo sapiens	GTRD	No
Q9UID6	51193	ZNF639	chromatin immunoprecipitation assay	https://www.ncbi.nlm.nih.gov/pubmed/?term=29126285%5Buid%5D+OR+27924024%5Buid%5D	Homo sapiens	GTRD,ReMap	No
Q8N196	147912	SIX5	chromatin immunoprecipitation assay	https://www.ncbi.nlm.nih.gov/pubmed/?term=29126285%5Buid%5D+OR+27924024%5Buid%5D	Homo sapiens	GTRD,ReMap	No
Q15916	10773	ZBTB6	chromatin immunoprecipitation assay	https://www.ncbi.nlm.nih.gov/pubmed/?term=27924024%5Buid%5D	Homo sapiens	GTRD	No
Q03060	1390	CREM	chromatin immunoprecipitation assay	https://www.ncbi.nlm.nih.gov/pubmed/?term=29126285%5Buid%5D+OR+27924024%5Buid%5D	Homo sapiens	GTRD,ReMap	No
P24941	1017	CDK2	chromatin immunoprecipitation assay	https://www.ncbi.nlm.nih.gov/pubmed/?term=27924024%5Buid%5D	Homo sapiens	GTRD	No
O60942	8732	RNGTT	chromatin immunoprecipitation assay	https://www.ncbi.nlm.nih.gov/pubmed/?term=27924024%5Buid%5D	Homo sapiens	GTRD	No
P10074	3104	ZBTB48	chromatin immunoprecipitation assay	https://www.ncbi.nlm.nih.gov/pubmed/?term=27924024%5Buid%5D	Homo sapiens	GTRD	No
Q96MM3	132625	ZFP42	chromatin immunoprecipitation assay	https://www.ncbi.nlm.nih.gov/pubmed/?term=27924024%5Buid%5D	Homo sapiens	GTRD	No
Q99717	4090	SMAD5	chromatin immunoprecipitation assay	https://www.ncbi.nlm.nih.gov/pubmed/?term=29126285%5Buid%5D+OR+27924024%5Buid%5D	Homo sapiens	GTRD,ReMap	No
P15336	1386	ATF2	chromatin immunoprecipitation assay	https://www.ncbi.nlm.nih.gov/pubmed/?term=29126285%5Buid%5D+OR+27924024%5Buid%5D	Homo sapiens	GTRD,ReMap	No
Q96CB8	57117	INTS12	chromatin immunoprecipitation assay	https://www.ncbi.nlm.nih.gov/pubmed/?term=27924024%5Buid%5D	Homo sapiens	GTRD	No
P11387	7150	TOP1	chromatin immunoprecipitation assay	https://www.ncbi.nlm.nih.gov/pubmed/?term=27924024%5Buid%5D	Homo sapiens	GTRD	No
Q8NI51	140690	CTCFL	chromatin immunoprecipitation assay	https://www.ncbi.nlm.nih.gov/pubmed/?term=29126285%5Buid%5D+OR+27924024%5Buid%5D	Homo sapiens	GTRD,ReMap	No
O60934	4683	NBN	chromatin immunoprecipitation assay	https://www.ncbi.nlm.nih.gov/pubmed/?term=29126285%5Buid%5D	Homo sapiens	ReMap	No
Q8N0Y2	55311	ZNF444	chromatin immunoprecipitation assay	https://www.ncbi.nlm.nih.gov/pubmed/?term=27924024%5Buid%5D	Homo sapiens	GTRD	No
P46531	4851	NOTCH1	chromatin immunoprecipitation assay	https://www.ncbi.nlm.nih.gov/pubmed/?term=29126285%5Buid%5D+OR+27924024%5Buid%5D	Homo sapiens	GTRD,ReMap	No
Q9H334	27086	FOXP1	chromatin immunoprecipitation assay	https://www.ncbi.nlm.nih.gov/pubmed/?term=29126285%5Buid%5D+OR+27924024%5Buid%5D	Homo sapiens	GTRD,ReMap	No
P43699	7080	NKX2-1	chromatin immunoprecipitation assay	https://www.ncbi.nlm.nih.gov/pubmed/?term=29126285%5Buid%5D	Homo sapiens	ReMap	No
P17544	11016	ATF7	chromatin immunoprecipitation assay	https://www.ncbi.nlm.nih.gov/pubmed/?term=29126285%5Buid%5D+OR+27924024%5Buid%5D	Homo sapiens	GTRD,ReMap	No
Q9Y5Q3	9935	MAFB	chromatin immunoprecipitation assay	https://www.ncbi.nlm.nih.gov/pubmed/?term=29126285%5Buid%5D	Homo sapiens	ReMap	No
Q8N907	199699	DAND5	chromatin immunoprecipitation assay	https://www.ncbi.nlm.nih.gov/pubmed/?term=29126285%5Buid%5D	Homo sapiens	ReMap	No
P21675	6872	TAF1	chromatin immunoprecipitation assay	https://www.ncbi.nlm.nih.gov/pubmed/?term=29126285%5Buid%5D+OR+27924024%5Buid%5D	Homo sapiens	GTRD,ReMap	No
Q04864	5966	REL	chromatin immunoprecipitation assay	https://www.ncbi.nlm.nih.gov/pubmed/?term=27924024%5Buid%5D	Homo sapiens	GTRD	No
P17029	7586	ZKSCAN1	chromatin immunoprecipitation assay	https://www.ncbi.nlm.nih.gov/pubmed/?term=29126285%5Buid%5D+OR+27924024%5Buid%5D	Homo sapiens	GTRD,ReMap	No
O75446	8819	SAP30	chromatin immunoprecipitation assay	https://www.ncbi.nlm.nih.gov/pubmed/?term=29126285%5Buid%5D+OR+27924024%5Buid%5D	Homo sapiens	GTRD,ReMap	No
Q8N163	57805	CCAR2	chromatin immunoprecipitation assay	https://www.ncbi.nlm.nih.gov/pubmed/?term=27924024%5Buid%5D	Homo sapiens	GTRD	No
Q9Y2G1	745	MYRF	chromatin immunoprecipitation assay	https://www.ncbi.nlm.nih.gov/pubmed/?term=27924024%5Buid%5D	Homo sapiens	GTRD	No
Q9NQV6	56980	PRDM10	chromatin immunoprecipitation assay	https://www.ncbi.nlm.nih.gov/pubmed/?term=27924024%5Buid%5D	Homo sapiens	GTRD	No
Q99873	3276	PRMT1	chromatin immunoprecipitation assay	https://www.ncbi.nlm.nih.gov/pubmed/?term=27924024%5Buid%5D	Homo sapiens	GTRD	No
Q8NB15	118472	ZNF511	chromatin immunoprecipitation assay	https://www.ncbi.nlm.nih.gov/pubmed/?term=27924024%5Buid%5D	Homo sapiens	GTRD	No
Q16665	3091	HIF1A	chromatin immunoprecipitation assay	https://www.ncbi.nlm.nih.gov/pubmed/?term=29126285%5Buid%5D+OR+27924024%5Buid%5D	Homo sapiens	GTRD,ReMap	No
O60583	905	CCNT2	chromatin immunoprecipitation assay	https://www.ncbi.nlm.nih.gov/pubmed/?term=29126285%5Buid%5D+OR+27924024%5Buid%5D	Homo sapiens	GTRD,ReMap	No
P03372	2099	ESR1	chromatin immunoprecipitation assay	https://www.ncbi.nlm.nih.gov/pubmed/?term=29126285%5Buid%5D+OR+27924024%5Buid%5D	Homo sapiens	GTRD,ReMap	No
O14646	1105	CHD1	chromatin immunoprecipitation assay	https://www.ncbi.nlm.nih.gov/pubmed/?term=29126285%5Buid%5D+OR+27924024%5Buid%5D	Homo sapiens	GTRD,ReMap	No
Q9H3R0	23081	KDM4C	chromatin immunoprecipitation assay	https://www.ncbi.nlm.nih.gov/pubmed/?term=29126285%5Buid%5D	Homo sapiens	ReMap	No
Q8TF68	171017	ZNF384	chromatin immunoprecipitation assay	https://www.ncbi.nlm.nih.gov/pubmed/?term=29126285%5Buid%5D+OR+27924024%5Buid%5D	Homo sapiens	GTRD,ReMap	No
Q6KC79	25836	NIPBL	chromatin immunoprecipitation assay	https://www.ncbi.nlm.nih.gov/pubmed/?term=29126285%5Buid%5D+OR+27924024%5Buid%5D	Homo sapiens	GTRD,ReMap	No
O15034	23504	RIMBP2	chromatin immunoprecipitation assay	https://www.ncbi.nlm.nih.gov/pubmed/?term=29126285%5Buid%5D	Homo sapiens	ReMap	No
Q8IX15	57594	HOMEZ	chromatin immunoprecipitation assay	https://www.ncbi.nlm.nih.gov/pubmed/?term=27924024%5Buid%5D	Homo sapiens	GTRD	No
Q8TCN5	22847	ZNF507	chromatin immunoprecipitation assay	https://www.ncbi.nlm.nih.gov/pubmed/?term=27924024%5Buid%5D	Homo sapiens	GTRD	No
Q13422	10320	IKZF1	chromatin immunoprecipitation assay	https://www.ncbi.nlm.nih.gov/pubmed/?term=29126285%5Buid%5D+OR+27924024%5Buid%5D	Homo sapiens	GTRD,ReMap	No
Q09472	2033	EP300	chromatin immunoprecipitation assay	https://www.ncbi.nlm.nih.gov/pubmed/?term=29126285%5Buid%5D+OR+27924024%5Buid%5D	Homo sapiens	GTRD,ReMap	No
B2RXF5	100128927	ZBTB42	chromatin immunoprecipitation assay	https://www.ncbi.nlm.nih.gov/pubmed/?term=27924024%5Buid%5D	Homo sapiens	GTRD	No
P42345	2475	MTOR	chromatin immunoprecipitation assay	https://www.ncbi.nlm.nih.gov/pubmed/?term=27924024%5Buid%5D	Homo sapiens	GTRD	No
P06401	5241	PGR	chromatin immunoprecipitation assay	https://www.ncbi.nlm.nih.gov/pubmed/?term=29126285%5Buid%5D+OR+27924024%5Buid%5D	Homo sapiens	GTRD,ReMap	No
P23769	2624	GATA2	chromatin immunoprecipitation assay	https://www.ncbi.nlm.nih.gov/pubmed/?term=19941826%5Buid%5D+OR+27924024%5Buid%5D+OR+29126285%5Buid%5D+OR+22900683%5Buid%5D	Homo sapiens	GTRD,HTRI,ReMap	No
O75626	639	PRDM1	chromatin immunoprecipitation assay	https://www.ncbi.nlm.nih.gov/pubmed/?term=27924024%5Buid%5D	Homo sapiens	GTRD	No
Q9H6I2	64321	SOX17	chromatin immunoprecipitation assay	https://www.ncbi.nlm.nih.gov/pubmed/?term=27924024%5Buid%5D	Homo sapiens	GTRD	No
P24468	7026	NR2F2	chromatin immunoprecipitation assay	https://www.ncbi.nlm.nih.gov/pubmed/?term=29126285%5Buid%5D+OR+27924024%5Buid%5D	Homo sapiens	GTRD,ReMap	No
Q16649	4783	NFIL3	chromatin immunoprecipitation assay	https://www.ncbi.nlm.nih.gov/pubmed/?term=27924024%5Buid%5D	Homo sapiens	GTRD	No
Q15532	6760	SS18	chromatin immunoprecipitation assay	https://www.ncbi.nlm.nih.gov/pubmed/?term=27924024%5Buid%5D	Homo sapiens	GTRD	No
Q8N3U4	10735	STAG2	chromatin immunoprecipitation assay	https://www.ncbi.nlm.nih.gov/pubmed/?term=27924024%5Buid%5D	Homo sapiens	GTRD	No
Q13619	8451	CUL4A	chromatin immunoprecipitation assay	https://www.ncbi.nlm.nih.gov/pubmed/?term=27924024%5Buid%5D	Homo sapiens	GTRD	No
O95696	23774	BRD1	chromatin immunoprecipitation assay	https://www.ncbi.nlm.nih.gov/pubmed/?term=29126285%5Buid%5D	Homo sapiens	ReMap	No
Q2QGD7	79364	ZXDC	chromatin immunoprecipitation assay	https://www.ncbi.nlm.nih.gov/pubmed/?term=27924024%5Buid%5D	Homo sapiens	GTRD	No
Q9HCK8	57680	CHD8	chromatin immunoprecipitation assay	https://www.ncbi.nlm.nih.gov/pubmed/?term=29126285%5Buid%5D+OR+27924024%5Buid%5D	Homo sapiens	GTRD,ReMap	No
P17275	3726	JUNB	chromatin immunoprecipitation assay	https://www.ncbi.nlm.nih.gov/pubmed/?term=29126285%5Buid%5D	Homo sapiens	ReMap	No
P51116	9513	FXR2	chromatin immunoprecipitation assay	https://www.ncbi.nlm.nih.gov/pubmed/?term=27924024%5Buid%5D	Homo sapiens	GTRD	No
P50613	1022	CDK7	chromatin immunoprecipitation assay	https://www.ncbi.nlm.nih.gov/pubmed/?term=29126285%5Buid%5D+OR+27924024%5Buid%5D	Homo sapiens	GTRD,ReMap	No
Q12888	7158	TP53BP1	chromatin immunoprecipitation assay	https://www.ncbi.nlm.nih.gov/pubmed/?term=27924024%5Buid%5D	Homo sapiens	GTRD	No
Q9BRQ0	90780	PYGO2	chromatin immunoprecipitation assay	https://www.ncbi.nlm.nih.gov/pubmed/?term=27924024%5Buid%5D	Homo sapiens	GTRD	No
P17676	1051	CEBPB	chromatin immunoprecipitation assay	https://www.ncbi.nlm.nih.gov/pubmed/?term=29126285%5Buid%5D+OR+27924024%5Buid%5D	Homo sapiens	GTRD,ReMap	No
O94776	9219	MTA2	chromatin immunoprecipitation assay	https://www.ncbi.nlm.nih.gov/pubmed/?term=29126285%5Buid%5D+OR+27924024%5Buid%5D	Homo sapiens	GTRD,ReMap	No
Q9NPI6	55802	DCP1A	chromatin immunoprecipitation assay	https://www.ncbi.nlm.nih.gov/pubmed/?term=27924024%5Buid%5D	Homo sapiens	GTRD	No
Q08945	6749	SSRP1	chromatin immunoprecipitation assay	https://www.ncbi.nlm.nih.gov/pubmed/?term=27924024%5Buid%5D	Homo sapiens	GTRD	No
Q86U70	8861	LDB1	chromatin immunoprecipitation assay	https://www.ncbi.nlm.nih.gov/pubmed/?term=27924024%5Buid%5D	Homo sapiens	GTRD	No
Q00653	4791	NFKB2	chromatin immunoprecipitation assay	https://www.ncbi.nlm.nih.gov/pubmed/?term=27924024%5Buid%5D	Homo sapiens	GTRD	No
P26651	7538	ZFP36	chromatin immunoprecipitation assay	https://www.ncbi.nlm.nih.gov/pubmed/?term=29126285%5Buid%5D	Homo sapiens	ReMap	No
Q9H5V7	64376	IKZF5	chromatin immunoprecipitation assay	https://www.ncbi.nlm.nih.gov/pubmed/?term=27924024%5Buid%5D	Homo sapiens	GTRD	No
P22415	7391	USF1	chromatin immunoprecipitation assay	https://www.ncbi.nlm.nih.gov/pubmed/?term=29126285%5Buid%5D+OR+27924024%5Buid%5D	Homo sapiens	GTRD,ReMap	No
P36956	6720	SREBF1	chromatin immunoprecipitation assay	https://www.ncbi.nlm.nih.gov/pubmed/?term=29126285%5Buid%5D+OR+27924024%5Buid%5D	Homo sapiens	GTRD,ReMap	No
Q9UQE7	9126	SMC3	chromatin immunoprecipitation assay	https://www.ncbi.nlm.nih.gov/pubmed/?term=29126285%5Buid%5D+OR+27924024%5Buid%5D	Homo sapiens	GTRD,ReMap	No
Q9H8N7	55893	ZNF395	chromatin immunoprecipitation assay	https://www.ncbi.nlm.nih.gov/pubmed/?term=27924024%5Buid%5D	Homo sapiens	GTRD	No
Q13562	4760	NEUROD1	chromatin immunoprecipitation assay	https://www.ncbi.nlm.nih.gov/pubmed/?term=29126285%5Buid%5D+OR+27924024%5Buid%5D	Homo sapiens	GTRD,ReMap	No
P35226	100532731,648	BMI1	chromatin immunoprecipitation assay	https://www.ncbi.nlm.nih.gov/pubmed/?term=27924024%5Buid%5D	Homo sapiens	GTRD	No
Q9Y3Q8	81628	TSC22D4	chromatin immunoprecipitation assay	https://www.ncbi.nlm.nih.gov/pubmed/?term=27924024%5Buid%5D	Homo sapiens	GTRD	No
P18146	1958	EGR1	chromatin immunoprecipitation assay	https://www.ncbi.nlm.nih.gov/pubmed/?term=29126285%5Buid%5D+OR+27924024%5Buid%5D	Homo sapiens	GTRD,ReMap	No
Q15672	7291	TWIST1	chromatin immunoprecipitation assay	https://www.ncbi.nlm.nih.gov/pubmed/?term=29126285%5Buid%5D+OR+27924024%5Buid%5D	Homo sapiens	GTRD,ReMap	No
P61978	3190	HNRNPK	chromatin immunoprecipitation assay	https://www.ncbi.nlm.nih.gov/pubmed/?term=27924024%5Buid%5D	Homo sapiens	GTRD	No
P08651	4782	NFIC	chromatin immunoprecipitation assay	https://www.ncbi.nlm.nih.gov/pubmed/?term=29126285%5Buid%5D+OR+27924024%5Buid%5D	Homo sapiens	GTRD,ReMap	No
Q15059	8019	BRD3	chromatin immunoprecipitation assay	https://www.ncbi.nlm.nih.gov/pubmed/?term=29126285%5Buid%5D+OR+27924024%5Buid%5D	Homo sapiens	GTRD,ReMap	No
O00327	406	ARNTL	chromatin immunoprecipitation assay	https://www.ncbi.nlm.nih.gov/pubmed/?term=27924024%5Buid%5D	Homo sapiens	GTRD	No
Q6P4R8	4798	NFRKB	chromatin immunoprecipitation assay	https://www.ncbi.nlm.nih.gov/pubmed/?term=29126285%5Buid%5D+OR+27924024%5Buid%5D	Homo sapiens	GTRD,ReMap	No
Q8N5P1	84524	ZC3H8	chromatin immunoprecipitation assay	https://www.ncbi.nlm.nih.gov/pubmed/?term=27924024%5Buid%5D	Homo sapiens	GTRD	No
P25208	4801	NFYB	chromatin immunoprecipitation assay	https://www.ncbi.nlm.nih.gov/pubmed/?term=29126285%5Buid%5D	Homo sapiens	ReMap	No
Q6BEB4	389058	SP5	chromatin immunoprecipitation assay	https://www.ncbi.nlm.nih.gov/pubmed/?term=27924024%5Buid%5D	Homo sapiens	GTRD	No
Q9UBX2	100288687	DUX4	chromatin immunoprecipitation assay	https://www.ncbi.nlm.nih.gov/pubmed/?term=27924024%5Buid%5D	Homo sapiens	GTRD	No
O15550	7403	KDM6A	chromatin immunoprecipitation assay	https://www.ncbi.nlm.nih.gov/pubmed/?term=27924024%5Buid%5D	Homo sapiens	GTRD	No
P50549	2115	ETV1	chromatin immunoprecipitation assay	https://www.ncbi.nlm.nih.gov/pubmed/?term=27924024%5Buid%5D	Homo sapiens	GTRD	No
O14647	1106	CHD2	chromatin immunoprecipitation assay	https://www.ncbi.nlm.nih.gov/pubmed/?term=29126285%5Buid%5D+OR+27924024%5Buid%5D	Homo sapiens	GTRD,ReMap	No
P28328	5828	PEX2	chromatin immunoprecipitation assay	https://www.ncbi.nlm.nih.gov/pubmed/?term=27924024%5Buid%5D	Homo sapiens	GTRD	No
O60682	9242	MSC	chromatin immunoprecipitation assay	https://www.ncbi.nlm.nih.gov/pubmed/?term=27924024%5Buid%5D	Homo sapiens	GTRD	No
Q9UIH9	28999	KLF15	chromatin immunoprecipitation assay	https://www.ncbi.nlm.nih.gov/pubmed/?term=27924024%5Buid%5D	Homo sapiens	GTRD	No
P58317	7675	ZNF121	chromatin immunoprecipitation assay	https://www.ncbi.nlm.nih.gov/pubmed/?term=27924024%5Buid%5D	Homo sapiens	GTRD	No
Q9Y2N7	64344	HIF3A	chromatin immunoprecipitation assay	https://www.ncbi.nlm.nih.gov/pubmed/?term=27924024%5Buid%5D	Homo sapiens	GTRD	No
P19532	7030	TFE3	chromatin immunoprecipitation assay	https://www.ncbi.nlm.nih.gov/pubmed/?term=27924024%5Buid%5D	Homo sapiens	GTRD	No
Q9UQR1	7707	ZNF148	chromatin immunoprecipitation assay	https://www.ncbi.nlm.nih.gov/pubmed/?term=27924024%5Buid%5D	Homo sapiens	GTRD	No
Q9H4Z2	63925	ZNF335	chromatin immunoprecipitation assay	https://www.ncbi.nlm.nih.gov/pubmed/?term=27924024%5Buid%5D	Homo sapiens	GTRD	No
Q15648	5469	MED1	chromatin immunoprecipitation assay	https://www.ncbi.nlm.nih.gov/pubmed/?term=29126285%5Buid%5D	Homo sapiens	ReMap	No
P0C0S5	3015	H2AZ1	chromatin immunoprecipitation assay	https://www.ncbi.nlm.nih.gov/pubmed/?term=27924024%5Buid%5D	Homo sapiens	GTRD	No
Q6DJT9	5324	PLAG1	chromatin immunoprecipitation assay	https://www.ncbi.nlm.nih.gov/pubmed/?term=27924024%5Buid%5D	Homo sapiens	GTRD	No
Q68E01	65123	INTS3	chromatin immunoprecipitation assay	https://www.ncbi.nlm.nih.gov/pubmed/?term=27924024%5Buid%5D	Homo sapiens	GTRD	No
Q9ULX9	23764	MAFF	chromatin immunoprecipitation assay	https://www.ncbi.nlm.nih.gov/pubmed/?term=29126285%5Buid%5D	Homo sapiens	ReMap	No
P17480	7343	UBTF	chromatin immunoprecipitation assay	https://www.ncbi.nlm.nih.gov/pubmed/?term=29126285%5Buid%5D	Homo sapiens	ReMap	No
P52945	3651	PDX1	chromatin immunoprecipitation assay	https://www.ncbi.nlm.nih.gov/pubmed/?term=29126285%5Buid%5D	Homo sapiens	ReMap	No
Q9HCK0	57684	ZBTB26	chromatin immunoprecipitation assay	https://www.ncbi.nlm.nih.gov/pubmed/?term=27924024%5Buid%5D	Homo sapiens	GTRD	No
P49407	408	ARRB1	chromatin immunoprecipitation assay	https://www.ncbi.nlm.nih.gov/pubmed/?term=27924024%5Buid%5D	Homo sapiens	GTRD	No
Q9NQB0	6934	TCF7L2	chromatin immunoprecipitation assay	https://www.ncbi.nlm.nih.gov/pubmed/?term=29126285%5Buid%5D+OR+27924024%5Buid%5D	Homo sapiens	GTRD,ReMap	No
P15976	2623	GATA1	chromatin immunoprecipitation assay	https://www.ncbi.nlm.nih.gov/pubmed/?term=19941826%5Buid%5D+OR+27924024%5Buid%5D+OR+29126285%5Buid%5D+OR+22900683%5Buid%5D	Homo sapiens	GTRD,HTRI,ReMap	No
Q6N021	54790	TET2	chromatin immunoprecipitation assay	https://www.ncbi.nlm.nih.gov/pubmed/?term=27924024%5Buid%5D	Homo sapiens	GTRD	No
O95983	53615	MBD3	chromatin immunoprecipitation assay	https://www.ncbi.nlm.nih.gov/pubmed/?term=27924024%5Buid%5D	Homo sapiens	GTRD	No
P39880	1523	CUX1	chromatin immunoprecipitation assay	https://www.ncbi.nlm.nih.gov/pubmed/?term=29126285%5Buid%5D	Homo sapiens	ReMap	No
Q01664	7023	TFAP4	chromatin immunoprecipitation assay	https://www.ncbi.nlm.nih.gov/pubmed/?term=29126285%5Buid%5D+OR+27924024%5Buid%5D	Homo sapiens	GTRD,ReMap	No
Q15796	4087	SMAD2	chromatin immunoprecipitation assay	https://www.ncbi.nlm.nih.gov/pubmed/?term=29126285%5Buid%5D+OR+27924024%5Buid%5D	Homo sapiens	GTRD,ReMap	No
Q01860	5460	POU5F1	chromatin immunoprecipitation assay	https://www.ncbi.nlm.nih.gov/pubmed/?term=29126285%5Buid%5D+OR+27924024%5Buid%5D	Homo sapiens	GTRD,ReMap	No
P05549	7020	TFAP2A	chromatin immunoprecipitation assay	https://www.ncbi.nlm.nih.gov/pubmed/?term=27924024%5Buid%5D	Homo sapiens	GTRD	No
Q99612	1316	KLF6	chromatin immunoprecipitation assay	https://www.ncbi.nlm.nih.gov/pubmed/?term=29126285%5Buid%5D+OR+27924024%5Buid%5D	Homo sapiens	GTRD,ReMap	No
Q99081	6938	TCF12	chromatin immunoprecipitation assay	https://www.ncbi.nlm.nih.gov/pubmed/?term=29126285%5Buid%5D+OR+27924024%5Buid%5D	Homo sapiens	GTRD,ReMap	No
Q16798	10873	ME3	chromatin immunoprecipitation assay	https://www.ncbi.nlm.nih.gov/pubmed/?term=27924024%5Buid%5D	Homo sapiens	GTRD	No
Q15788	8648	NCOA1	chromatin immunoprecipitation assay	https://www.ncbi.nlm.nih.gov/pubmed/?term=29126285%5Buid%5D+OR+27924024%5Buid%5D	Homo sapiens	GTRD,ReMap	No
P04637	7157	TP53	chromatin immunoprecipitation assay	https://www.ncbi.nlm.nih.gov/pubmed/?term=29126285%5Buid%5D+OR+27924024%5Buid%5D	Homo sapiens	GTRD,ReMap	No
P35227	7703	PCGF2	chromatin immunoprecipitation assay	https://www.ncbi.nlm.nih.gov/pubmed/?term=27924024%5Buid%5D	Homo sapiens	GTRD	No
O14770	4212	MEIS2	chromatin immunoprecipitation assay	https://www.ncbi.nlm.nih.gov/pubmed/?term=29126285%5Buid%5D	Homo sapiens	ReMap	No
Q96EB6	23411	SIRT1	chromatin immunoprecipitation assay	https://www.ncbi.nlm.nih.gov/pubmed/?term=27924024%5Buid%5D	Homo sapiens	GTRD	No
O60216	5885	RAD21	chromatin immunoprecipitation assay	https://www.ncbi.nlm.nih.gov/pubmed/?term=29126285%5Buid%5D+OR+27924024%5Buid%5D	Homo sapiens	GTRD,ReMap	No
P08047	6667	SP1	chromatin immunoprecipitation assay	https://www.ncbi.nlm.nih.gov/pubmed/?term=29126285%5Buid%5D+OR+27924024%5Buid%5D	Homo sapiens	GTRD,ReMap	No
Q8NHM5	84678	KDM2B	chromatin immunoprecipitation assay	https://www.ncbi.nlm.nih.gov/pubmed/?term=27924024%5Buid%5D	Homo sapiens	GTRD	No
Q969G3	6605	SMARCE1	chromatin immunoprecipitation assay	https://www.ncbi.nlm.nih.gov/pubmed/?term=27924024%5Buid%5D	Homo sapiens	GTRD	No
Q8N680	57621	ZBTB2	chromatin immunoprecipitation assay	https://www.ncbi.nlm.nih.gov/pubmed/?term=27924024%5Buid%5D	Homo sapiens	GTRD	No
Q13342	11262	SP140	chromatin immunoprecipitation assay	https://www.ncbi.nlm.nih.gov/pubmed/?term=27924024%5Buid%5D	Homo sapiens	GTRD	No
Q9BWW7	83482	SCRT1	chromatin immunoprecipitation assay	https://www.ncbi.nlm.nih.gov/pubmed/?term=27924024%5Buid%5D	Homo sapiens	GTRD	No
P17947	6688	SPI1	chromatin immunoprecipitation assay	https://www.ncbi.nlm.nih.gov/pubmed/?term=29126285%5Buid%5D+OR+27924024%5Buid%5D	Homo sapiens	GTRD,ReMap	No
Q969W9	56937	PMEPA1	chromatin immunoprecipitation assay	https://www.ncbi.nlm.nih.gov/pubmed/?term=29126285%5Buid%5D	Homo sapiens	ReMap	No
Q13547	3065	HDAC1	chromatin immunoprecipitation assay	https://www.ncbi.nlm.nih.gov/pubmed/?term=29126285%5Buid%5D+OR+27924024%5Buid%5D	Homo sapiens	GTRD,ReMap	No
O43439	9139	CBFA2T2	chromatin immunoprecipitation assay	https://www.ncbi.nlm.nih.gov/pubmed/?term=29126285%5Buid%5D+OR+27924024%5Buid%5D	Homo sapiens	GTRD,ReMap	No
O75030	4286	MITF	chromatin immunoprecipitation assay	https://www.ncbi.nlm.nih.gov/pubmed/?term=29126285%5Buid%5D+OR+27924024%5Buid%5D	Homo sapiens	GTRD,ReMap	No
Q02535	3399	ID3	chromatin immunoprecipitation assay	https://www.ncbi.nlm.nih.gov/pubmed/?term=29126285%5Buid%5D	Homo sapiens	ReMap	No
P22670	5989	RFX1	chromatin immunoprecipitation assay	https://www.ncbi.nlm.nih.gov/pubmed/?term=27924024%5Buid%5D	Homo sapiens	GTRD	No
P42568	4300	MLLT3	chromatin immunoprecipitation assay	https://www.ncbi.nlm.nih.gov/pubmed/?term=27924024%5Buid%5D	Homo sapiens	GTRD	No
Q9Y6X8	22882	ZHX2	chromatin immunoprecipitation assay	https://www.ncbi.nlm.nih.gov/pubmed/?term=29126285%5Buid%5D+OR+27924024%5Buid%5D	Homo sapiens	GTRD,ReMap	No
Q00613	3297	HSF1	chromatin immunoprecipitation assay	https://www.ncbi.nlm.nih.gov/pubmed/?term=29126285%5Buid%5D+OR+27924024%5Buid%5D	Homo sapiens	GTRD,ReMap	No
Q9Y2F5	23379	ICE1	chromatin immunoprecipitation assay	https://www.ncbi.nlm.nih.gov/pubmed/?term=29126285%5Buid%5D	Homo sapiens	ReMap	No
Q15853	7392	USF2	chromatin immunoprecipitation assay	https://www.ncbi.nlm.nih.gov/pubmed/?term=29126285%5Buid%5D+OR+27924024%5Buid%5D	Homo sapiens	GTRD,ReMap	No
Q86T24	10009	ZBTB33	chromatin immunoprecipitation assay	https://www.ncbi.nlm.nih.gov/pubmed/?term=29126285%5Buid%5D+OR+27924024%5Buid%5D	Homo sapiens	GTRD,ReMap	No
Q9UKY1	11244	ZHX1	chromatin immunoprecipitation assay	https://www.ncbi.nlm.nih.gov/pubmed/?term=29126285%5Buid%5D+OR+27924024%5Buid%5D	Homo sapiens	GTRD,ReMap	No
P20749	602	BCL3	chromatin immunoprecipitation assay	https://www.ncbi.nlm.nih.gov/pubmed/?term=27924024%5Buid%5D	Homo sapiens	GTRD	No
O60675	7975	MAFK	chromatin immunoprecipitation assay	https://www.ncbi.nlm.nih.gov/pubmed/?term=29126285%5Buid%5D+OR+27924024%5Buid%5D	Homo sapiens	GTRD,ReMap	No
Q9NR30	9188	DDX21	chromatin immunoprecipitation assay	https://www.ncbi.nlm.nih.gov/pubmed/?term=27924024%5Buid%5D	Homo sapiens	GTRD	No
Q03111	4298	MLLT1	chromatin immunoprecipitation assay	https://www.ncbi.nlm.nih.gov/pubmed/?term=29126285%5Buid%5D+OR+27924024%5Buid%5D	Homo sapiens	GTRD,ReMap	No
Q9H7Z6	84148	KAT8	chromatin immunoprecipitation assay	https://www.ncbi.nlm.nih.gov/pubmed/?term=27924024%5Buid%5D	Homo sapiens	GTRD	No
P03971	268	AMH	chromatin immunoprecipitation assay	https://www.ncbi.nlm.nih.gov/pubmed/?term=27924024%5Buid%5D	Homo sapiens	GTRD	No
P35269	2962	GTF2F1	chromatin immunoprecipitation assay	https://www.ncbi.nlm.nih.gov/pubmed/?term=29126285%5Buid%5D+OR+27924024%5Buid%5D	Homo sapiens	GTRD,ReMap	No
O15535	7746	ZSCAN9	chromatin immunoprecipitation assay	https://www.ncbi.nlm.nih.gov/pubmed/?term=27924024%5Buid%5D	Homo sapiens	GTRD	No
Q02086	6668	SP2	chromatin immunoprecipitation assay	https://www.ncbi.nlm.nih.gov/pubmed/?term=29126285%5Buid%5D+OR+27924024%5Buid%5D	Homo sapiens	GTRD,ReMap	No
Q13416	4999	ORC2	chromatin immunoprecipitation assay	https://www.ncbi.nlm.nih.gov/pubmed/?term=27924024%5Buid%5D	Homo sapiens	GTRD	No
P48382	5993	RFX5	chromatin immunoprecipitation assay	https://www.ncbi.nlm.nih.gov/pubmed/?term=29126285%5Buid%5D+OR+27924024%5Buid%5D	Homo sapiens	GTRD,ReMap	No
Q9UHF7	7227	TRPS1	chromatin immunoprecipitation assay	https://www.ncbi.nlm.nih.gov/pubmed/?term=27924024%5Buid%5D	Homo sapiens	GTRD	No
Q13105	7709	ZBTB17	chromatin immunoprecipitation assay	https://www.ncbi.nlm.nih.gov/pubmed/?term=27924024%5Buid%5D	Homo sapiens	GTRD	No
Q68CP9	196528	ARID2	chromatin immunoprecipitation assay	https://www.ncbi.nlm.nih.gov/pubmed/?term=29126285%5Buid%5D+OR+27924024%5Buid%5D	Homo sapiens	GTRD,ReMap	No
Q9NW38	55120	FANCL	chromatin immunoprecipitation assay	https://www.ncbi.nlm.nih.gov/pubmed/?term=29126285%5Buid%5D	Homo sapiens	ReMap	No
P25054	324	APC	chromatin immunoprecipitation assay	https://www.ncbi.nlm.nih.gov/pubmed/?term=27924024%5Buid%5D	Homo sapiens	GTRD	No
Q9H165	53335	BCL11A	chromatin immunoprecipitation assay	https://www.ncbi.nlm.nih.gov/pubmed/?term=27924024%5Buid%5D	Homo sapiens	GTRD	No
O95402	9441	MED26	chromatin immunoprecipitation assay	https://www.ncbi.nlm.nih.gov/pubmed/?term=29126285%5Buid%5D	Homo sapiens	ReMap	No
Q9BXK1	83855	KLF16	chromatin immunoprecipitation assay	https://www.ncbi.nlm.nih.gov/pubmed/?term=27924024%5Buid%5D	Homo sapiens	GTRD	No
Q96MX3	197407	ZNF48	chromatin immunoprecipitation assay	https://www.ncbi.nlm.nih.gov/pubmed/?term=27924024%5Buid%5D	Homo sapiens	GTRD	No
Q02078	4205	MEF2A	chromatin immunoprecipitation assay	https://www.ncbi.nlm.nih.gov/pubmed/?term=29126285%5Buid%5D	Homo sapiens	ReMap	No
Q92560	8314	BAP1	chromatin immunoprecipitation assay	https://www.ncbi.nlm.nih.gov/pubmed/?term=27924024%5Buid%5D	Homo sapiens	GTRD	No
Q9HCS4	83439	TCF7L1	chromatin immunoprecipitation assay	https://www.ncbi.nlm.nih.gov/pubmed/?term=29126285%5Buid%5D	Homo sapiens	ReMap	No
P42224	6772	STAT1	chromatin immunoprecipitation assay	https://www.ncbi.nlm.nih.gov/pubmed/?term=29126285%5Buid%5D+OR+27924024%5Buid%5D	Homo sapiens	GTRD,ReMap	No
P04040	847	CAT	chromatin immunoprecipitation assay	https://www.ncbi.nlm.nih.gov/pubmed/?term=27924024%5Buid%5D	Homo sapiens	GTRD	No
Q06730	7581	ZNF33A	chromatin immunoprecipitation assay	https://www.ncbi.nlm.nih.gov/pubmed/?term=27924024%5Buid%5D	Homo sapiens	GTRD	No
P53539	2354	FOSB	chromatin immunoprecipitation assay	https://www.ncbi.nlm.nih.gov/pubmed/?term=27924024%5Buid%5D	Homo sapiens	GTRD	No
P84022	4088	SMAD3	chromatin immunoprecipitation assay	https://www.ncbi.nlm.nih.gov/pubmed/?term=29126285%5Buid%5D+OR+27924024%5Buid%5D	Homo sapiens	GTRD,ReMap	No
Q9P2D1	55636	CHD7	chromatin immunoprecipitation assay	https://www.ncbi.nlm.nih.gov/pubmed/?term=29126285%5Buid%5D+OR+27924024%5Buid%5D	Homo sapiens	GTRD,ReMap	No
O00255	4221	MEN1	chromatin immunoprecipitation assay	https://www.ncbi.nlm.nih.gov/pubmed/?term=27924024%5Buid%5D	Homo sapiens	GTRD	No
P22736	3164	NR4A1	chromatin immunoprecipitation assay	https://www.ncbi.nlm.nih.gov/pubmed/?term=27924024%5Buid%5D	Homo sapiens	GTRD	No
Q05516	7704	ZBTB16	chromatin immunoprecipitation assay	https://www.ncbi.nlm.nih.gov/pubmed/?term=27924024%5Buid%5D	Homo sapiens	GTRD	No
Q9BVI0	51230	PHF20	chromatin immunoprecipitation assay	https://www.ncbi.nlm.nih.gov/pubmed/?term=27924024%5Buid%5D	Homo sapiens	GTRD	No
Q14582	10608	MXD4	chromatin immunoprecipitation assay	https://www.ncbi.nlm.nih.gov/pubmed/?term=27924024%5Buid%5D	Homo sapiens	GTRD	No
Q9UJU2	51176	LEF1	chromatin immunoprecipitation assay	https://www.ncbi.nlm.nih.gov/pubmed/?term=27924024%5Buid%5D	Homo sapiens	GTRD	No
Q15797	4086	SMAD1	chromatin immunoprecipitation assay	https://www.ncbi.nlm.nih.gov/pubmed/?term=29126285%5Buid%5D+OR+27924024%5Buid%5D	Homo sapiens	GTRD,ReMap	No
P41182	604	BCL6	chromatin immunoprecipitation assay	https://www.ncbi.nlm.nih.gov/pubmed/?term=29126285%5Buid%5D+OR+27924024%5Buid%5D	Homo sapiens	GTRD,ReMap	No
Q6ZRS2	10847	SRCAP	chromatin immunoprecipitation assay	https://www.ncbi.nlm.nih.gov/pubmed/?term=27924024%5Buid%5D	Homo sapiens	GTRD	No
Q15910	2146	EZH2	chromatin immunoprecipitation assay	https://www.ncbi.nlm.nih.gov/pubmed/?term=29126285%5Buid%5D+OR+27924024%5Buid%5D	Homo sapiens	GTRD,ReMap	No
O14901	8462	KLF11	chromatin immunoprecipitation assay	https://www.ncbi.nlm.nih.gov/pubmed/?term=27924024%5Buid%5D	Homo sapiens	GTRD	No
Q7Z7L9	54993	ZSCAN2	chromatin immunoprecipitation assay	https://www.ncbi.nlm.nih.gov/pubmed/?term=27924024%5Buid%5D	Homo sapiens	GTRD	No
P01100	2353	FOS	chromatin immunoprecipitation assay	https://www.ncbi.nlm.nih.gov/pubmed/?term=29126285%5Buid%5D+OR+27924024%5Buid%5D	Homo sapiens	GTRD,ReMap	No
Q8N108	57708	MIER1	chromatin immunoprecipitation assay	https://www.ncbi.nlm.nih.gov/pubmed/?term=29126285%5Buid%5D	Homo sapiens	ReMap	No
O43251	23543	RBFOX2	chromatin immunoprecipitation assay	https://www.ncbi.nlm.nih.gov/pubmed/?term=27924024%5Buid%5D	Homo sapiens	GTRD	No
Q9BSG1	7549	ZNF2	chromatin immunoprecipitation assay	https://www.ncbi.nlm.nih.gov/pubmed/?term=27924024%5Buid%5D	Homo sapiens	GTRD	No
P54198	7290	HIRA	chromatin immunoprecipitation assay	https://www.ncbi.nlm.nih.gov/pubmed/?term=27924024%5Buid%5D	Homo sapiens	GTRD	No
P35637	2521	FUS	chromatin immunoprecipitation assay	https://www.ncbi.nlm.nih.gov/pubmed/?term=27924024%5Buid%5D	Homo sapiens	GTRD	No
Q9BUG6	79149	ZSCAN5A	chromatin immunoprecipitation assay	https://www.ncbi.nlm.nih.gov/pubmed/?term=27924024%5Buid%5D	Homo sapiens	GTRD	No
Q13351	10661	KLF1	chromatin immunoprecipitation assay	https://www.ncbi.nlm.nih.gov/pubmed/?term=29126285%5Buid%5D+OR+27924024%5Buid%5D	Homo sapiens	GTRD,ReMap	No
Q7Z7K2	168544	ZNF467	chromatin immunoprecipitation assay	https://www.ncbi.nlm.nih.gov/pubmed/?term=27924024%5Buid%5D	Homo sapiens	GTRD	No
P27540	405	ARNT	chromatin immunoprecipitation assay	https://www.ncbi.nlm.nih.gov/pubmed/?term=29126285%5Buid%5D+OR+27924024%5Buid%5D	Homo sapiens	GTRD,ReMap	No
Q12857	4774	NFIA	chromatin immunoprecipitation assay	https://www.ncbi.nlm.nih.gov/pubmed/?term=27924024%5Buid%5D	Homo sapiens	GTRD	No
P37231	5468	PPARG	chromatin immunoprecipitation assay	https://www.ncbi.nlm.nih.gov/pubmed/?term=27924024%5Buid%5D	Homo sapiens	GTRD	No
Q9H8M2	65980	BRD9	chromatin immunoprecipitation assay	https://www.ncbi.nlm.nih.gov/pubmed/?term=27924024%5Buid%5D	Homo sapiens	GTRD	No
O60315	9839	ZEB2	chromatin immunoprecipitation assay	https://www.ncbi.nlm.nih.gov/pubmed/?term=29126285%5Buid%5D+OR+27924024%5Buid%5D	Homo sapiens	GTRD,ReMap	No
Q02446	6671	SP4	chromatin immunoprecipitation assay	https://www.ncbi.nlm.nih.gov/pubmed/?term=29126285%5Buid%5D+OR+27924024%5Buid%5D	Homo sapiens	GTRD,ReMap	No
Q99801	4824	NKX3-1	chromatin immunoprecipitation assay	https://www.ncbi.nlm.nih.gov/pubmed/?term=29126285%5Buid%5D+OR+27924024%5Buid%5D	Homo sapiens	GTRD,ReMap	No
Q9NPF5	55929	DMAP1	chromatin immunoprecipitation assay	https://www.ncbi.nlm.nih.gov/pubmed/?term=27924024%5Buid%5D	Homo sapiens	GTRD	No
A0PJY2	389549	FEZF1	chromatin immunoprecipitation assay	https://www.ncbi.nlm.nih.gov/pubmed/?term=27924024%5Buid%5D	Homo sapiens	GTRD	No
Q9Y473	7728	ZNF175	chromatin immunoprecipitation assay	https://www.ncbi.nlm.nih.gov/pubmed/?term=29126285%5Buid%5D	Homo sapiens	ReMap	No
P48431	6657	SOX2	chromatin immunoprecipitation assay	https://www.ncbi.nlm.nih.gov/pubmed/?term=29126285%5Buid%5D+OR+27924024%5Buid%5D	Homo sapiens	GTRD,ReMap	No
P12980	4066	LYL1	chromatin immunoprecipitation assay	https://www.ncbi.nlm.nih.gov/pubmed/?term=27924024%5Buid%5D	Homo sapiens	GTRD	No
O60381	26959	HBP1	chromatin immunoprecipitation assay	https://www.ncbi.nlm.nih.gov/pubmed/?term=29126285%5Buid%5D+OR+27924024%5Buid%5D	Homo sapiens	GTRD,ReMap	No
Q9Y4X4	11278	KLF12	chromatin immunoprecipitation assay	https://www.ncbi.nlm.nih.gov/pubmed/?term=27924024%5Buid%5D	Homo sapiens	GTRD	No
P55895	5897	RAG2	chromatin immunoprecipitation assay	https://www.ncbi.nlm.nih.gov/pubmed/?term=27924024%5Buid%5D	Homo sapiens	GTRD	No
P43268	2118	ETV4	chromatin immunoprecipitation assay	https://www.ncbi.nlm.nih.gov/pubmed/?term=29126285%5Buid%5D	Homo sapiens	ReMap	No
Q14541	3174	HNF4G	chromatin immunoprecipitation assay	https://www.ncbi.nlm.nih.gov/pubmed/?term=29126285%5Buid%5D+OR+27924024%5Buid%5D	Homo sapiens	GTRD,ReMap	No
Q96L91	57634	EP400	chromatin immunoprecipitation assay	https://www.ncbi.nlm.nih.gov/pubmed/?term=27924024%5Buid%5D	Homo sapiens	GTRD	No
Q8IWS0	84295	PHF6	chromatin immunoprecipitation assay	https://www.ncbi.nlm.nih.gov/pubmed/?term=27924024%5Buid%5D	Homo sapiens	GTRD	No
P23771	2625	GATA3	chromatin immunoprecipitation assay	https://www.ncbi.nlm.nih.gov/pubmed/?term=29126285%5Buid%5D+OR+27924024%5Buid%5D	Homo sapiens	GTRD,ReMap	No
P56177	1745	DLX1	chromatin immunoprecipitation assay	https://www.ncbi.nlm.nih.gov/pubmed/?term=27924024%5Buid%5D	Homo sapiens	GTRD	No
Q12824	6598	SMARCB1	chromatin immunoprecipitation assay	https://www.ncbi.nlm.nih.gov/pubmed/?term=29126285%5Buid%5D+OR+27924024%5Buid%5D	Homo sapiens	GTRD,ReMap	No
P38398	672	BRCA1	chromatin immunoprecipitation assay	https://www.ncbi.nlm.nih.gov/pubmed/?term=29126285%5Buid%5D+OR+27924024%5Buid%5D	Homo sapiens	GTRD,ReMap	No
Q03112	2122	MECOM	chromatin immunoprecipitation assay	https://www.ncbi.nlm.nih.gov/pubmed/?term=27924024%5Buid%5D	Homo sapiens	GTRD	No
P40426	5090	PBX3	chromatin immunoprecipitation assay	https://www.ncbi.nlm.nih.gov/pubmed/?term=29126285%5Buid%5D+OR+27924024%5Buid%5D	Homo sapiens	GTRD,ReMap	No
P20226	6908	TBP	chromatin immunoprecipitation assay	https://www.ncbi.nlm.nih.gov/pubmed/?term=29126285%5Buid%5D+OR+27924024%5Buid%5D	Homo sapiens	GTRD,ReMap	No
Q06330	3516	RBPJ	chromatin immunoprecipitation assay	https://www.ncbi.nlm.nih.gov/pubmed/?term=29126285%5Buid%5D+OR+27924024%5Buid%5D	Homo sapiens	GTRD,ReMap	No
P49711	10664	CTCF	chromatin immunoprecipitation assay,inferred by curator	https://www.ncbi.nlm.nih.gov/pubmed/?term=29126285%5Buid%5D+OR+18971253%5Buid%5D+OR+27924024%5Buid%5D+OR+26578589%5Buid%5D	Homo sapiens	GTRD,ORegAnno,PAZAR,ReMap	No
O75081	863	CBFA2T3	chromatin immunoprecipitation assay	https://www.ncbi.nlm.nih.gov/pubmed/?term=27924024%5Buid%5D	Homo sapiens	GTRD	No
P11226	4153	MBL2	chromatin immunoprecipitation assay	https://www.ncbi.nlm.nih.gov/pubmed/?term=27924024%5Buid%5D	Homo sapiens	GTRD	No
Q9BZK7	79718	TBL1XR1	chromatin immunoprecipitation assay	https://www.ncbi.nlm.nih.gov/pubmed/?term=29126285%5Buid%5D+OR+27924024%5Buid%5D	Homo sapiens	GTRD,ReMap	No
Q01167	3607	FOXK2	chromatin immunoprecipitation assay	https://www.ncbi.nlm.nih.gov/pubmed/?term=29126285%5Buid%5D+OR+27924024%5Buid%5D	Homo sapiens	GTRD,ReMap	No
Q12906	3609	ILF3	chromatin immunoprecipitation assay	https://www.ncbi.nlm.nih.gov/pubmed/?term=27924024%5Buid%5D	Homo sapiens	GTRD	No
P55347	5316	PKNOX1	chromatin immunoprecipitation assay	https://www.ncbi.nlm.nih.gov/pubmed/?term=29126285%5Buid%5D	Homo sapiens	ReMap	No
P11831	6722	SRF	chromatin immunoprecipitation assay	https://www.ncbi.nlm.nih.gov/pubmed/?term=29126285%5Buid%5D+OR+27924024%5Buid%5D	Homo sapiens	GTRD,ReMap	No
Q9BZS1	50943	FOXP3	chromatin immunoprecipitation array	https://www.ncbi.nlm.nih.gov/pubmed/?term=22900683%5Buid%5D+OR+20554955%5Buid%5D	Homo sapiens	HTRI	No
Q9UKV8	27161	AGO2	chromatin immunoprecipitation assay	https://www.ncbi.nlm.nih.gov/pubmed/?term=27924024%5Buid%5D	Homo sapiens	GTRD	No
Q02880	7155	TOP2B	chromatin immunoprecipitation assay	https://www.ncbi.nlm.nih.gov/pubmed/?term=27924024%5Buid%5D	Homo sapiens	GTRD	No
Q9GZN2	60436	TGIF2	chromatin immunoprecipitation assay	https://www.ncbi.nlm.nih.gov/pubmed/?term=29126285%5Buid%5D+OR+27924024%5Buid%5D	Homo sapiens	GTRD,ReMap	No
O75376	9611	NCOR1	chromatin immunoprecipitation assay	https://www.ncbi.nlm.nih.gov/pubmed/?term=27924024%5Buid%5D	Homo sapiens	GTRD	No
Q15306	3662	IRF4	chromatin immunoprecipitation assay	https://www.ncbi.nlm.nih.gov/pubmed/?term=29126285%5Buid%5D+OR+27924024%5Buid%5D	Homo sapiens	GTRD,ReMap	No
Q9BQ70	22980	TCF25	chromatin immunoprecipitation assay	https://www.ncbi.nlm.nih.gov/pubmed/?term=29126285%5Buid%5D	Homo sapiens	ReMap	No
P51692	6777	STAT5B	chromatin immunoprecipitation assay	https://www.ncbi.nlm.nih.gov/pubmed/?term=27924024%5Buid%5D	Homo sapiens	GTRD	No
P12931	6714	SRC	chromatin immunoprecipitation assay	https://www.ncbi.nlm.nih.gov/pubmed/?term=27924024%5Buid%5D	Homo sapiens	GTRD	No
Q9UI36	1602	DACH1	chromatin immunoprecipitation assay	https://www.ncbi.nlm.nih.gov/pubmed/?term=27924024%5Buid%5D	Homo sapiens	GTRD	No
Q15911	463	ZFHX3	chromatin immunoprecipitation assay	https://www.ncbi.nlm.nih.gov/pubmed/?term=27924024%5Buid%5D	Homo sapiens	GTRD	No
P56545	1488	CTBP2	chromatin immunoprecipitation assay	https://www.ncbi.nlm.nih.gov/pubmed/?term=29126285%5Buid%5D	Homo sapiens	ReMap	No
Q9Y294	25842	ASF1A	chromatin immunoprecipitation assay	https://www.ncbi.nlm.nih.gov/pubmed/?term=27924024%5Buid%5D	Homo sapiens	GTRD	No
Q9NP77	29101	SSU72	chromatin immunoprecipitation assay	https://www.ncbi.nlm.nih.gov/pubmed/?term=27924024%5Buid%5D	Homo sapiens	GTRD	No
Q9ULD4	27154	BRPF3	chromatin immunoprecipitation assay	https://www.ncbi.nlm.nih.gov/pubmed/?term=27924024%5Buid%5D	Homo sapiens	GTRD	No
P11308	2078	ERG	chromatin immunoprecipitation assay	https://www.ncbi.nlm.nih.gov/pubmed/?term=29126285%5Buid%5D+OR+27924024%5Buid%5D	Homo sapiens	GTRD,ReMap	No
P20700	4001	LMNB1	chromatin immunoprecipitation assay	https://www.ncbi.nlm.nih.gov/pubmed/?term=27924024%5Buid%5D	Homo sapiens	GTRD	No
Q9UKL0	23186	RCOR1	chromatin immunoprecipitation assay	https://www.ncbi.nlm.nih.gov/pubmed/?term=29126285%5Buid%5D+OR+27924024%5Buid%5D	Homo sapiens	GTRD,ReMap	No
P35638	1649	DDIT3	chromatin immunoprecipitation assay	https://www.ncbi.nlm.nih.gov/pubmed/?term=27924024%5Buid%5D	Homo sapiens	GTRD	No
Q04671	4948	OCA2	chromatin immunoprecipitation assay	https://www.ncbi.nlm.nih.gov/pubmed/?term=29126285%5Buid%5D	Homo sapiens	ReMap	No
Q06609	5888	RAD51	chromatin immunoprecipitation assay	https://www.ncbi.nlm.nih.gov/pubmed/?term=29126285%5Buid%5D+OR+27924024%5Buid%5D	Homo sapiens	GTRD,ReMap	No
Q13761	864	RUNX3	chromatin immunoprecipitation assay	https://www.ncbi.nlm.nih.gov/pubmed/?term=29126285%5Buid%5D+OR+27924024%5Buid%5D	Homo sapiens	GTRD,ReMap	No
Q9NZI7	7342	UBP1	chromatin immunoprecipitation assay	https://www.ncbi.nlm.nih.gov/pubmed/?term=27924024%5Buid%5D	Homo sapiens	GTRD	No
Q9UHB7	27125	AFF4	chromatin immunoprecipitation assay	https://www.ncbi.nlm.nih.gov/pubmed/?term=29126285%5Buid%5D+OR+27924024%5Buid%5D	Homo sapiens	GTRD,ReMap	No
Q01543	2313	FLI1	chromatin immunoprecipitation assay	https://www.ncbi.nlm.nih.gov/pubmed/?term=29126285%5Buid%5D+OR+27924024%5Buid%5D	Homo sapiens	GTRD,ReMap	No
P43694	2626	GATA4	chromatin immunoprecipitation assay	https://www.ncbi.nlm.nih.gov/pubmed/?term=29126285%5Buid%5D+OR+27924024%5Buid%5D	Homo sapiens	GTRD,ReMap	No
Q13148	23435	TARDBP	chromatin immunoprecipitation assay	https://www.ncbi.nlm.nih.gov/pubmed/?term=29126285%5Buid%5D+OR+27924024%5Buid%5D	Homo sapiens	GTRD,ReMap	No
P28347	7003	TEAD1	chromatin immunoprecipitation assay	https://www.ncbi.nlm.nih.gov/pubmed/?term=27924024%5Buid%5D	Homo sapiens	GTRD	No
Q92831	8850	KAT2B	chromatin immunoprecipitation assay	https://www.ncbi.nlm.nih.gov/pubmed/?term=27924024%5Buid%5D	Homo sapiens	GTRD	No
Q02447	6670	SP3	chromatin immunoprecipitation assay	https://www.ncbi.nlm.nih.gov/pubmed/?term=27924024%5Buid%5D	Homo sapiens	GTRD	No
P04198	4613	MYCN	chromatin immunoprecipitation assay	https://www.ncbi.nlm.nih.gov/pubmed/?term=29126285%5Buid%5D+OR+27924024%5Buid%5D	Homo sapiens	GTRD,ReMap	No
P46527	1027	CDKN1B	chromatin immunoprecipitation assay	https://www.ncbi.nlm.nih.gov/pubmed/?term=27924024%5Buid%5D	Homo sapiens	GTRD	No
O15054	23135	KDM6B	chromatin immunoprecipitation assay	https://www.ncbi.nlm.nih.gov/pubmed/?term=29126285%5Buid%5D+OR+27924024%5Buid%5D	Homo sapiens	GTRD,ReMap	No
P11161	1959	EGR2	chromatin immunoprecipitation assay	https://www.ncbi.nlm.nih.gov/pubmed/?term=27924024%5Buid%5D	Homo sapiens	GTRD	No
Q96KS0	112398	EGLN2	chromatin immunoprecipitation assay	https://www.ncbi.nlm.nih.gov/pubmed/?term=29126285%5Buid%5D	Homo sapiens	ReMap	No
P0CG00	NA	ZSCAN5DP	chromatin immunoprecipitation assay	https://www.ncbi.nlm.nih.gov/pubmed/?term=27924024%5Buid%5D	Homo sapiens	GTRD	No
P61964	11091	WDR5	chromatin immunoprecipitation assay	https://www.ncbi.nlm.nih.gov/pubmed/?term=27924024%5Buid%5D	Homo sapiens	GTRD	No
P49336	1024	CDK8	chromatin immunoprecipitation assay	https://www.ncbi.nlm.nih.gov/pubmed/?term=29126285%5Buid%5D+OR+27924024%5Buid%5D	Homo sapiens	GTRD,ReMap	No
P35711	6660	SOX5	chromatin immunoprecipitation assay	https://www.ncbi.nlm.nih.gov/pubmed/?term=27924024%5Buid%5D	Homo sapiens	GTRD	No
Q9Y261	3170	FOXA2	chromatin immunoprecipitation assay	https://www.ncbi.nlm.nih.gov/pubmed/?term=29126285%5Buid%5D+OR+27924024%5Buid%5D	Homo sapiens	GTRD,ReMap	No
P61244	4149	MAX	chromatin immunoprecipitation assay	https://www.ncbi.nlm.nih.gov/pubmed/?term=29126285%5Buid%5D+OR+27924024%5Buid%5D	Homo sapiens	GTRD,ReMap	No
Q01094	1869	E2F1	chromatin immunoprecipitation assay	https://www.ncbi.nlm.nih.gov/pubmed/?term=29126285%5Buid%5D+OR+27924024%5Buid%5D	Homo sapiens	GTRD,ReMap	No
P16415	55552	ZNF823	chromatin immunoprecipitation assay	https://www.ncbi.nlm.nih.gov/pubmed/?term=29126285%5Buid%5D	Homo sapiens	ReMap	No
Q6ZN55	64763	ZNF574	chromatin immunoprecipitation assay	https://www.ncbi.nlm.nih.gov/pubmed/?term=27924024%5Buid%5D	Homo sapiens	GTRD	No
Q5VTD9	8328	GFI1B	chromatin immunoprecipitation assay	https://www.ncbi.nlm.nih.gov/pubmed/?term=29126285%5Buid%5D	Homo sapiens	ReMap	No
P61956	6613	SUMO2	chromatin immunoprecipitation assay	https://www.ncbi.nlm.nih.gov/pubmed/?term=27924024%5Buid%5D	Homo sapiens	GTRD	No
P36402	6932	TCF7	chromatin immunoprecipitation assay	https://www.ncbi.nlm.nih.gov/pubmed/?term=29126285%5Buid%5D	Homo sapiens	ReMap	No
Q8NFJ8	27319	BHLHE22	chromatin immunoprecipitation assay	https://www.ncbi.nlm.nih.gov/pubmed/?term=29126285%5Buid%5D	Homo sapiens	ReMap	No
Q13426	7518	XRCC4	chromatin immunoprecipitation assay	https://www.ncbi.nlm.nih.gov/pubmed/?term=27924024%5Buid%5D	Homo sapiens	GTRD	No
Q15233	4841	NONO	chromatin immunoprecipitation assay	https://www.ncbi.nlm.nih.gov/pubmed/?term=29126285%5Buid%5D+OR+27924024%5Buid%5D	Homo sapiens	GTRD,ReMap	No
O95625	27107	ZBTB11	chromatin immunoprecipitation assay	https://www.ncbi.nlm.nih.gov/pubmed/?term=27924024%5Buid%5D	Homo sapiens	GTRD	No
P41134	3397	ID1	chromatin immunoprecipitation assay	https://www.ncbi.nlm.nih.gov/pubmed/?term=27924024%5Buid%5D	Homo sapiens	GTRD	No
Q9BTC8	57504	MTA3	chromatin immunoprecipitation assay	https://www.ncbi.nlm.nih.gov/pubmed/?term=29126285%5Buid%5D	Homo sapiens	ReMap	No
Q66K89	1877	E4F1	chromatin immunoprecipitation assay	https://www.ncbi.nlm.nih.gov/pubmed/?term=27924024%5Buid%5D	Homo sapiens	GTRD	No
P19838	4790	NFKB1	chromatin immunoprecipitation assay	https://www.ncbi.nlm.nih.gov/pubmed/?term=29126285%5Buid%5D+OR+27924024%5Buid%5D	Homo sapiens	GTRD,ReMap	No
P18615	7936	NELFE	chromatin immunoprecipitation assay	https://www.ncbi.nlm.nih.gov/pubmed/?term=27924024%5Buid%5D	Homo sapiens	GTRD	No
O94992	10614	HEXIM1	chromatin immunoprecipitation assay	https://www.ncbi.nlm.nih.gov/pubmed/?term=29126285%5Buid%5D+OR+27924024%5Buid%5D	Homo sapiens	GTRD,ReMap	No
Q9UPP1	23133	PHF8	chromatin immunoprecipitation assay	https://www.ncbi.nlm.nih.gov/pubmed/?term=29126285%5Buid%5D+OR+27924024%5Buid%5D	Homo sapiens	GTRD,ReMap	No
Q12809	3757	KCNH2	chromatin immunoprecipitation assay	https://www.ncbi.nlm.nih.gov/pubmed/?term=29126285%5Buid%5D	Homo sapiens	ReMap	No
Q14494	4779	NFE2L1	chromatin immunoprecipitation assay	https://www.ncbi.nlm.nih.gov/pubmed/?term=29126285%5Buid%5D	Homo sapiens	ReMap	No
O95600	11279	KLF8	chromatin immunoprecipitation assay	https://www.ncbi.nlm.nih.gov/pubmed/?term=27924024%5Buid%5D	Homo sapiens	GTRD	No
O14593	8625	RFXANK	chromatin immunoprecipitation assay	https://www.ncbi.nlm.nih.gov/pubmed/?term=27924024%5Buid%5D	Homo sapiens	GTRD	No
Q15291	5929	RBBP5	chromatin immunoprecipitation assay	https://www.ncbi.nlm.nih.gov/pubmed/?term=29126285%5Buid%5D+OR+27924024%5Buid%5D	Homo sapiens	GTRD,ReMap	No
Q86UQ0	51385	ZNF589	chromatin immunoprecipitation assay	https://www.ncbi.nlm.nih.gov/pubmed/?term=29126285%5Buid%5D	Homo sapiens	ReMap	No
O60341	23028	KDM1A	chromatin immunoprecipitation assay	https://www.ncbi.nlm.nih.gov/pubmed/?term=29126285%5Buid%5D+OR+27924024%5Buid%5D	Homo sapiens	GTRD,ReMap	No
O43474	9314	KLF4	chromatin immunoprecipitation assay	https://www.ncbi.nlm.nih.gov/pubmed/?term=29126285%5Buid%5D+OR+27924024%5Buid%5D	Homo sapiens	GTRD,ReMap	No
P48163	4199	ME1	chromatin immunoprecipitation assay	https://www.ncbi.nlm.nih.gov/pubmed/?term=27924024%5Buid%5D	Homo sapiens	GTRD	No
Q14919	10589	DRAP1	chromatin immunoprecipitation assay	https://www.ncbi.nlm.nih.gov/pubmed/?term=27924024%5Buid%5D	Homo sapiens	GTRD	No
Q7Z333	23064	SETX	chromatin immunoprecipitation assay	https://www.ncbi.nlm.nih.gov/pubmed/?term=27924024%5Buid%5D	Homo sapiens	GTRD	No
P51610	3054	HCFC1	chromatin immunoprecipitation assay	https://www.ncbi.nlm.nih.gov/pubmed/?term=29126285%5Buid%5D+OR+27924024%5Buid%5D	Homo sapiens	GTRD,ReMap	No
O43670	7756	ZNF207	chromatin immunoprecipitation assay	https://www.ncbi.nlm.nih.gov/pubmed/?term=29126285%5Buid%5D	Homo sapiens	ReMap	No
Q99623	11331	PHB2	chromatin immunoprecipitation assay	https://www.ncbi.nlm.nih.gov/pubmed/?term=27924024%5Buid%5D	Homo sapiens	GTRD	No
P25440	6046	BRD2	chromatin immunoprecipitation assay	https://www.ncbi.nlm.nih.gov/pubmed/?term=29126285%5Buid%5D+OR+27924024%5Buid%5D	Homo sapiens	GTRD,ReMap	No
Q8WXI9	57459	GATAD2B	chromatin immunoprecipitation assay	https://www.ncbi.nlm.nih.gov/pubmed/?term=27924024%5Buid%5D	Homo sapiens	GTRD	No
O75164	9682	KDM4A	chromatin immunoprecipitation assay	https://www.ncbi.nlm.nih.gov/pubmed/?term=29126285%5Buid%5D+OR+27924024%5Buid%5D	Homo sapiens	GTRD,ReMap	No
Q13263	10155	TRIM28	chromatin immunoprecipitation assay	https://www.ncbi.nlm.nih.gov/pubmed/?term=29126285%5Buid%5D+OR+27924024%5Buid%5D	Homo sapiens	GTRD,ReMap	No
P32519	1997	ELF1	chromatin immunoprecipitation assay	https://www.ncbi.nlm.nih.gov/pubmed/?term=29126285%5Buid%5D+OR+27924024%5Buid%5D	Homo sapiens	GTRD,ReMap	No
P30279	894	CCND2	chromatin immunoprecipitation assay	https://www.ncbi.nlm.nih.gov/pubmed/?term=27924024%5Buid%5D	Homo sapiens	GTRD	No
O15178	6862	TBXT	chromatin immunoprecipitation assay	https://www.ncbi.nlm.nih.gov/pubmed/?term=29126285%5Buid%5D	Homo sapiens	ReMap	No
Q9UK33	51157	ZNF580	chromatin immunoprecipitation assay	https://www.ncbi.nlm.nih.gov/pubmed/?term=27924024%5Buid%5D	Homo sapiens	GTRD	No
Q00444	3222	HOXC5	chromatin immunoprecipitation assay	https://www.ncbi.nlm.nih.gov/pubmed/?term=27924024%5Buid%5D	Homo sapiens	GTRD	No
Q9Y5J3	23462	HEY1	chromatin immunoprecipitation assay	https://www.ncbi.nlm.nih.gov/pubmed/?term=27924024%5Buid%5D	Homo sapiens	GTRD	No
E2RYF6	100507679	MUC22	chromatin immunoprecipitation assay	https://www.ncbi.nlm.nih.gov/pubmed/?term=27924024%5Buid%5D	Homo sapiens	GTRD	No
Q96S55	56897	WRNIP1	chromatin immunoprecipitation assay	https://www.ncbi.nlm.nih.gov/pubmed/?term=27924024%5Buid%5D	Homo sapiens	GTRD	No
Q7LBC6	51780	KDM3B	chromatin immunoprecipitation assay	https://www.ncbi.nlm.nih.gov/pubmed/?term=27924024%5Buid%5D	Homo sapiens	GTRD	No
P10275	367	AR	chromatin immunoprecipitation assay	https://www.ncbi.nlm.nih.gov/pubmed/?term=29126285%5Buid%5D+OR+27924024%5Buid%5D	Homo sapiens	GTRD,ReMap	No
Q9H3D4	8626	TP63	chromatin immunoprecipitation assay	https://www.ncbi.nlm.nih.gov/pubmed/?term=29126285%5Buid%5D+OR+27924024%5Buid%5D	Homo sapiens	GTRD,ReMap	No
P78545	1999	ELF3	chromatin immunoprecipitation assay	https://www.ncbi.nlm.nih.gov/pubmed/?term=27924024%5Buid%5D	Homo sapiens	GTRD	No
O00330	8050	PDHX	chromatin immunoprecipitation assay	https://www.ncbi.nlm.nih.gov/pubmed/?term=29126285%5Buid%5D	Homo sapiens	ReMap	No
O43245	NA	p65	chromatin immunoprecipitation assay	https://www.ncbi.nlm.nih.gov/pubmed/?term=27924024%5Buid%5D	Homo sapiens	GTRD	No
O14978	10127	ZNF263	chromatin immunoprecipitation assay	https://www.ncbi.nlm.nih.gov/pubmed/?term=29126285%5Buid%5D+OR+27924024%5Buid%5D	Homo sapiens	GTRD,ReMap	No
Q96BA8	90993	CREB3L1	chromatin immunoprecipitation assay	https://www.ncbi.nlm.nih.gov/pubmed/?term=29126285%5Buid%5D	Homo sapiens	ReMap	No
Q00534	1021	CDK6	chromatin immunoprecipitation assay	https://www.ncbi.nlm.nih.gov/pubmed/?term=29126285%5Buid%5D	Homo sapiens	ReMap	No
Q99583	4335	MNT	chromatin immunoprecipitation assay	https://www.ncbi.nlm.nih.gov/pubmed/?term=29126285%5Buid%5D+OR+27924024%5Buid%5D	Homo sapiens	GTRD,ReMap	No
Q8IYM9	10346	TRIM22	chromatin immunoprecipitation assay	https://www.ncbi.nlm.nih.gov/pubmed/?term=29126285%5Buid%5D+OR+27924024%5Buid%5D	Homo sapiens	GTRD,ReMap	No
Q8IZ40	283248	RCOR2	chromatin immunoprecipitation assay	https://www.ncbi.nlm.nih.gov/pubmed/?term=27924024%5Buid%5D	Homo sapiens	GTRD	No
Q06889	1960	EGR3	chromatin immunoprecipitation assay	https://www.ncbi.nlm.nih.gov/pubmed/?term=27924024%5Buid%5D	Homo sapiens	GTRD	No
P46937	10413	YAP1	chromatin immunoprecipitation assay	https://www.ncbi.nlm.nih.gov/pubmed/?term=29126285%5Buid%5D	Homo sapiens	ReMap	No
P11473	7421	VDR	chromatin immunoprecipitation assay	https://www.ncbi.nlm.nih.gov/pubmed/?term=29126285%5Buid%5D+OR+27924024%5Buid%5D	Homo sapiens	GTRD,ReMap	No
P40763	6774	STAT3	chromatin immunoprecipitation assay	https://www.ncbi.nlm.nih.gov/pubmed/?term=29126285%5Buid%5D+OR+27924024%5Buid%5D	Homo sapiens	GTRD,ReMap	No
Q15561	7004	TEAD4	chromatin immunoprecipitation assay	https://www.ncbi.nlm.nih.gov/pubmed/?term=29126285%5Buid%5D+OR+27924024%5Buid%5D	Homo sapiens	GTRD,ReMap	No
Q13950	860	RUNX2	chromatin immunoprecipitation assay	https://www.ncbi.nlm.nih.gov/pubmed/?term=29126285%5Buid%5D	Homo sapiens	ReMap	No
Q92922	6599	SMARCC1	chromatin immunoprecipitation assay	https://www.ncbi.nlm.nih.gov/pubmed/?term=27924024%5Buid%5D	Homo sapiens	GTRD	No
P25490	7528	YY1	chromatin immunoprecipitation assay	https://www.ncbi.nlm.nih.gov/pubmed/?term=29126285%5Buid%5D+OR+27924024%5Buid%5D	Homo sapiens	GTRD,ReMap	No
P35712	55553	SOX6	chromatin immunoprecipitation assay	https://www.ncbi.nlm.nih.gov/pubmed/?term=29126285%5Buid%5D+OR+27924024%5Buid%5D	Homo sapiens	GTRD,ReMap	No
P05412	3725	JUN	chromatin immunoprecipitation assay	https://www.ncbi.nlm.nih.gov/pubmed/?term=29126285%5Buid%5D+OR+27924024%5Buid%5D	Homo sapiens	GTRD,ReMap	No
Q96PK6	100526737,10432	RBM14	chromatin immunoprecipitation assay	https://www.ncbi.nlm.nih.gov/pubmed/?term=27924024%5Buid%5D	Homo sapiens	GTRD	No
P19544	7490	WT1	chromatin immunoprecipitation assay	https://www.ncbi.nlm.nih.gov/pubmed/?term=27924024%5Buid%5D	Homo sapiens	GTRD	No
Q15651	9324	HMGN3	chromatin immunoprecipitation assay	https://www.ncbi.nlm.nih.gov/pubmed/?term=29126285%5Buid%5D+OR+27924024%5Buid%5D	Homo sapiens	GTRD,ReMap	No
Q9H2A3	63973	NEUROG2	chromatin immunoprecipitation assay	https://www.ncbi.nlm.nih.gov/pubmed/?term=27924024%5Buid%5D	Homo sapiens	GTRD	No
P10242	4602	MYB	chromatin immunoprecipitation assay	https://www.ncbi.nlm.nih.gov/pubmed/?term=29126285%5Buid%5D+OR+27924024%5Buid%5D	Homo sapiens	GTRD,ReMap	No
P26599	5725	PTBP1	chromatin immunoprecipitation assay	https://www.ncbi.nlm.nih.gov/pubmed/?term=27924024%5Buid%5D	Homo sapiens	GTRD	No
Q06455	862	RUNX1T1	chromatin immunoprecipitation assay	https://www.ncbi.nlm.nih.gov/pubmed/?term=29126285%5Buid%5D+OR+27924024%5Buid%5D	Homo sapiens	GTRD,ReMap	No
Q9H9S0	79923	NANOG	chromatin immunoprecipitation assay	https://www.ncbi.nlm.nih.gov/pubmed/?term=29126285%5Buid%5D+OR+27924024%5Buid%5D	Homo sapiens	GTRD,ReMap	No
Q00403	2959	GTF2B	chromatin immunoprecipitation assay	https://www.ncbi.nlm.nih.gov/pubmed/?term=29126285%5Buid%5D	Homo sapiens	ReMap	No
Q9UBN7	10013	HDAC6	chromatin immunoprecipitation assay	https://www.ncbi.nlm.nih.gov/pubmed/?term=27924024%5Buid%5D	Homo sapiens	GTRD	No
Q9NVM9	55726	INTS13	chromatin immunoprecipitation assay	https://www.ncbi.nlm.nih.gov/pubmed/?term=27924024%5Buid%5D	Homo sapiens	GTRD	No
Q9BTC0	11083	DIDO1	chromatin immunoprecipitation assay	https://www.ncbi.nlm.nih.gov/pubmed/?term=29126285%5Buid%5D	Homo sapiens	ReMap	No
Q9NYV4	51755	CDK12	chromatin immunoprecipitation assay	https://www.ncbi.nlm.nih.gov/pubmed/?term=27924024%5Buid%5D	Homo sapiens	GTRD	No
