TFLinkID	UniprotID.TF	Name.TF	Organism	Detection.method	PubmedID	Source.database	Small-scale.evidence	Assembly	Chromosome	Start	End	Strand
TFLinkLT09285006	P10914	IRF1	Homo sapiens	inferred by curator	23811275	ORegAnno	Yes	hg38	chr10	13100873	13100882	+
TFLinkLT09285007	P10914	IRF1	Homo sapiens	inferred by curator	23811275	ORegAnno	Yes	hg38	chr10	13100960	13100969	+
TFLinkLT09285008	P10914	IRF1	Homo sapiens	inferred by curator	23874542	ORegAnno	Yes	hg38	chr7	124823407	124823412	-
TFLinkLT04263227	P10914	IRF1	Homo sapiens	chromatin immunoprecipitation assay	21803131	jaspar	No	hg19	chr10	44118977	44118997	-
TFLinkLT04263228	P10914	IRF1	Homo sapiens	chromatin immunoprecipitation assay	21803131	jaspar	No	hg19	chrX	32470423	32470443	-
TFLinkLT04263229	P10914	IRF1	Homo sapiens	chromatin immunoprecipitation assay	21803131	jaspar	No	hg19	chrX	32470447	32470467	-
TFLinkLT04263230	P10914	IRF1	Homo sapiens	chromatin immunoprecipitation assay	21803131	jaspar	No	hg19	chrX	32470471	32470491	-
TFLinkLT04263231	P10914	IRF1	Homo sapiens	chromatin immunoprecipitation assay	21803131	jaspar	No	hg19	chrX	32470495	32470515	-
TFLinkLT04263232	P10914	IRF1	Homo sapiens	chromatin immunoprecipitation assay	21803131	jaspar	No	hg19	chr8	119933360	119933380	+
TFLinkLT04263233	P10914	IRF1	Homo sapiens	chromatin immunoprecipitation assay	21803131	jaspar	No	hg19	chr12	58359853	58359873	+
TFLinkLT04263234	P10914	IRF1	Homo sapiens	chromatin immunoprecipitation assay	21803131	jaspar	No	hg19	chr11	39392952	39392972	+
TFLinkLT04263235	P10914	IRF1	Homo sapiens	chromatin immunoprecipitation assay	21803131	jaspar	No	hg19	chr4	37074973	37074993	-
TFLinkLT04263236	P10914	IRF1	Homo sapiens	chromatin immunoprecipitation assay	21803131	jaspar	No	hg19	chr5	25569263	25569283	-
TFLinkLT04263237	P10914	IRF1	Homo sapiens	chromatin immunoprecipitation assay	21803131	jaspar	No	hg19	chr5	25569286	25569306	-
TFLinkLT04263238	P10914	IRF1	Homo sapiens	chromatin immunoprecipitation assay	21803131	jaspar	No	hg19	chr18	36521364	36521384	+
TFLinkLT04263239	P10914	IRF1	Homo sapiens	chromatin immunoprecipitation assay	21803131	jaspar	No	hg19	chr18	36521415	36521435	+
TFLinkLT04263240	P10914	IRF1	Homo sapiens	chromatin immunoprecipitation assay	21803131	jaspar	No	hg19	chr11	114217493	114217513	-
TFLinkLT04263241	P10914	IRF1	Homo sapiens	chromatin immunoprecipitation assay	21803131	jaspar	No	hg19	chr6	68071411	68071431	-
TFLinkLT04263242	P10914	IRF1	Homo sapiens	chromatin immunoprecipitation assay	21803131	jaspar	No	hg19	chr7	113688493	113688513	-
TFLinkLT04263243	P10914	IRF1	Homo sapiens	chromatin immunoprecipitation assay	21803131	jaspar	No	hg19	chr10	25755104	25755124	+
TFLinkLT04263244	P10914	IRF1	Homo sapiens	chromatin immunoprecipitation assay	21803131	jaspar	No	hg19	chr3	62431173	62431193	-
TFLinkLT04263245	P10914	IRF1	Homo sapiens	chromatin immunoprecipitation assay	21803131	jaspar	No	hg19	chr1	36103128	36103148	+
TFLinkLT04263246	P10914	IRF1	Homo sapiens	chromatin immunoprecipitation assay	21803131	jaspar	No	hg19	chr8	10488055	10488075	+
TFLinkLT04263247	P10914	IRF1	Homo sapiens	chromatin immunoprecipitation assay	21803131	jaspar	No	hg19	chr12	14369514	14369534	+
TFLinkLT04263248	P10914	IRF1	Homo sapiens	chromatin immunoprecipitation assay	21803131	jaspar	No	hg19	chr2	102872882	102872902	+
TFLinkLT04263249	P10914	IRF1	Homo sapiens	chromatin immunoprecipitation assay	21803131	jaspar	No	hg19	chr3	121151193	121151213	+
TFLinkLT04263250	P10914	IRF1	Homo sapiens	chromatin immunoprecipitation assay	21803131	jaspar	No	hg19	chr11	102183645	102183665	+
TFLinkLT04263251	P10914	IRF1	Homo sapiens	chromatin immunoprecipitation assay	21803131	jaspar	No	hg19	chr5	18746318	18746338	-
TFLinkLT04263252	P10914	IRF1	Homo sapiens	chromatin immunoprecipitation assay	21803131	jaspar	No	hg19	chr13	71865182	71865202	-
TFLinkLT04263253	P10914	IRF1	Homo sapiens	chromatin immunoprecipitation assay	21803131	jaspar	No	hg19	chr14	86400989	86401009	+
TFLinkLT04263254	P10914	IRF1	Homo sapiens	chromatin immunoprecipitation assay	21803131	jaspar	No	hg19	chr7	121081362	121081382	+
TFLinkLT04263255	P10914	IRF1	Homo sapiens	chromatin immunoprecipitation assay	21803131	jaspar	No	hg19	chr9	110008703	110008723	-
TFLinkLT04263256	P10914	IRF1	Homo sapiens	chromatin immunoprecipitation assay	21803131	jaspar	No	hg19	chr11	63304253	63304273	-
TFLinkLT04263257	P10914	IRF1	Homo sapiens	chromatin immunoprecipitation assay	21803131	jaspar	No	hg19	chr1	168317722	168317742	-
TFLinkLT04263258	P10914	IRF1	Homo sapiens	chromatin immunoprecipitation assay	21803131	jaspar	No	hg19	chr1	105249429	105249449	-
TFLinkLT04263259	P10914	IRF1	Homo sapiens	chromatin immunoprecipitation assay	21803131	jaspar	No	hg19	chr4	133045198	133045218	-
TFLinkLT04263260	P10914	IRF1	Homo sapiens	chromatin immunoprecipitation assay	21803131	jaspar	No	hg19	chrX	37727152	37727172	-
TFLinkLT04263261	P10914	IRF1	Homo sapiens	chromatin immunoprecipitation assay	21803131	jaspar	No	hg19	chr21	44821905	44821925	-
TFLinkLT04263262	P10914	IRF1	Homo sapiens	chromatin immunoprecipitation assay	21803131	jaspar	No	hg19	chr18	74921021	74921041	+
TFLinkLT04263263	P10914	IRF1	Homo sapiens	chromatin immunoprecipitation assay	21803131	jaspar	No	hg19	chr3	169995822	169995842	+
TFLinkLT04263264	P10914	IRF1	Homo sapiens	chromatin immunoprecipitation assay	21803131	jaspar	No	hg19	chr5	114404385	114404405	-
TFLinkLT04263265	P10914	IRF1	Homo sapiens	chromatin immunoprecipitation assay	21803131	jaspar	No	hg19	chr9	96263723	96263743	+
TFLinkLT04263266	P10914	IRF1	Homo sapiens	chromatin immunoprecipitation assay	21803131	jaspar	No	hg19	chr12	68630531	68630551	-
TFLinkLT04263267	P10914	IRF1	Homo sapiens	chromatin immunoprecipitation assay	21803131	jaspar	No	hg19	chr1	109968239	109968259	-
TFLinkLT04263268	P10914	IRF1	Homo sapiens	chromatin immunoprecipitation assay	21803131	jaspar	No	hg19	chr14	77420146	77420166	+
TFLinkLT04263269	P10914	IRF1	Homo sapiens	chromatin immunoprecipitation assay	21803131	jaspar	No	hg19	chr6	169252012	169252032	-
TFLinkLT04263270	P10914	IRF1	Homo sapiens	chromatin immunoprecipitation assay	21803131	jaspar	No	hg19	chr10	91061666	91061686	-
TFLinkLT04263271	P10914	IRF1	Homo sapiens	chromatin immunoprecipitation assay	21803131	jaspar	No	hg19	chr10	91061702	91061722	+
TFLinkLT04263272	P10914	IRF1	Homo sapiens	chromatin immunoprecipitation assay	21803131	jaspar	No	hg19	chr2	4720714	4720734	-
TFLinkLT04263273	P10914	IRF1	Homo sapiens	chromatin immunoprecipitation assay	21803131	jaspar	No	hg19	chr3	119420376	119420396	+
TFLinkLT04263274	P10914	IRF1	Homo sapiens	chromatin immunoprecipitation assay	21803131	jaspar	No	hg19	chr13	44848669	44848689	-
TFLinkLT04263275	P10914	IRF1	Homo sapiens	chromatin immunoprecipitation assay	21803131	jaspar	No	hg19	chr2	44308677	44308697	+
TFLinkLT04263276	P10914	IRF1	Homo sapiens	chromatin immunoprecipitation assay	21803131	jaspar	No	hg19	chr15	51649383	51649403	+
TFLinkLT04263277	P10914	IRF1	Homo sapiens	chromatin immunoprecipitation assay	21803131	jaspar	No	hg19	chr4	159530273	159530293	+
TFLinkLT04263278	P10914	IRF1	Homo sapiens	chromatin immunoprecipitation assay	21803131	jaspar	No	hg19	chr5	115649240	115649260	+
TFLinkLT04263279	P10914	IRF1	Homo sapiens	chromatin immunoprecipitation assay	21803131	jaspar	No	hg19	chr5	96212169	96212189	-
TFLinkLT04263280	P10914	IRF1	Homo sapiens	chromatin immunoprecipitation assay	21803131	jaspar	No	hg19	chr8	129389410	129389430	-
TFLinkLT04263281	P10914	IRF1	Homo sapiens	chromatin immunoprecipitation assay	21803131	jaspar	No	hg19	chr12	127568038	127568058	+
TFLinkLT04263282	P10914	IRF1	Homo sapiens	chromatin immunoprecipitation assay	21803131	jaspar	No	hg19	chr16	11406668	11406688	+
TFLinkLT04263283	P10914	IRF1	Homo sapiens	chromatin immunoprecipitation assay	21803131	jaspar	No	hg19	chr10	120891315	120891335	-
TFLinkLT04263284	P10914	IRF1	Homo sapiens	chromatin immunoprecipitation assay	21803131	jaspar	No	hg19	chrX	154862291	154862311	-
TFLinkLT04263285	P10914	IRF1	Homo sapiens	chromatin immunoprecipitation assay	21803131	jaspar	No	hg19	chr7	43874250	43874270	-
TFLinkLT04263286	P10914	IRF1	Homo sapiens	chromatin immunoprecipitation assay	21803131	jaspar	No	hg19	chr7	17182288	17182308	+
TFLinkLT04263287	P10914	IRF1	Homo sapiens	chromatin immunoprecipitation assay	21803131	jaspar	No	hg19	chr3	88238592	88238612	-
TFLinkLT04263288	P10914	IRF1	Homo sapiens	chromatin immunoprecipitation assay	21803131	jaspar	No	hg19	chr12	10517696	10517716	-
TFLinkLT04263289	P10914	IRF1	Homo sapiens	chromatin immunoprecipitation assay	21803131	jaspar	No	hg19	chr20	388939	388959	+
TFLinkLT04263290	P10914	IRF1	Homo sapiens	chromatin immunoprecipitation assay	21803131	jaspar	No	hg19	chr10	90734876	90734896	-
TFLinkLT04263291	P10914	IRF1	Homo sapiens	chromatin immunoprecipitation assay	21803131	jaspar	No	hg19	chr12	127256816	127256836	-
TFLinkLT04263292	P10914	IRF1	Homo sapiens	chromatin immunoprecipitation assay	21803131	jaspar	No	hg19	chr6	121656081	121656101	-
TFLinkLT04263293	P10914	IRF1	Homo sapiens	chromatin immunoprecipitation assay	21803131	jaspar	No	hg19	chr1	100531068	100531088	+
TFLinkLT04263294	P10914	IRF1	Homo sapiens	chromatin immunoprecipitation assay	21803131	jaspar	No	hg19	chr1	100531093	100531113	+
TFLinkLT04263295	P10914	IRF1	Homo sapiens	chromatin immunoprecipitation assay	21803131	jaspar	No	hg19	chr1	38312487	38312507	-
TFLinkLT04263296	P10914	IRF1	Homo sapiens	chromatin immunoprecipitation assay	21803131	jaspar	No	hg19	chr9	15296370	15296390	-
TFLinkLT04263297	P10914	IRF1	Homo sapiens	chromatin immunoprecipitation assay	21803131	jaspar	No	hg19	chr1	118277847	118277867	+
TFLinkLT04263298	P10914	IRF1	Homo sapiens	chromatin immunoprecipitation assay	21803131	jaspar	No	hg19	chr8	123931415	123931435	+
TFLinkLT04263299	P10914	IRF1	Homo sapiens	chromatin immunoprecipitation assay	21803131	jaspar	No	hg19	chr3	128523253	128523273	+
TFLinkLT04263300	P10914	IRF1	Homo sapiens	chromatin immunoprecipitation assay	21803131	jaspar	No	hg19	chr8	29357013	29357033	-
TFLinkLT04263301	P10914	IRF1	Homo sapiens	chromatin immunoprecipitation assay	21803131	jaspar	No	hg19	chr9	108622216	108622236	-
TFLinkLT04263302	P10914	IRF1	Homo sapiens	chromatin immunoprecipitation assay	21803131	jaspar	No	hg19	chr9	108622247	108622267	-
TFLinkLT04263303	P10914	IRF1	Homo sapiens	chromatin immunoprecipitation assay	21803131	jaspar	No	hg19	chr3	99868194	99868214	+
TFLinkLT04263304	P10914	IRF1	Homo sapiens	chromatin immunoprecipitation assay	21803131	jaspar	No	hg19	chr2	97439750	97439770	-
TFLinkLT04263305	P10914	IRF1	Homo sapiens	chromatin immunoprecipitation assay	21803131	jaspar	No	hg19	chr14	33366571	33366591	+
TFLinkLT04263306	P10914	IRF1	Homo sapiens	chromatin immunoprecipitation assay	21803131	jaspar	No	hg19	chr1	199901329	199901349	+
TFLinkLT04263307	P10914	IRF1	Homo sapiens	chromatin immunoprecipitation assay	21803131	jaspar	No	hg19	chr9	80747773	80747793	+
TFLinkLT04263308	P10914	IRF1	Homo sapiens	chromatin immunoprecipitation assay	21803131	jaspar	No	hg19	chr12	91956363	91956383	+
TFLinkLT04263309	P10914	IRF1	Homo sapiens	chromatin immunoprecipitation assay	21803131	jaspar	No	hg19	chr2	150401413	150401433	-
TFLinkLT04263310	P10914	IRF1	Homo sapiens	chromatin immunoprecipitation assay	21803131	jaspar	No	hg19	chr11	122820181	122820201	-
TFLinkLT04263311	P10914	IRF1	Homo sapiens	chromatin immunoprecipitation assay	21803131	jaspar	No	hg19	chr2	156403896	156403916	+
TFLinkLT04263312	P10914	IRF1	Homo sapiens	chromatin immunoprecipitation assay	21803131	jaspar	No	hg19	chr1	20481256	20481276	-
TFLinkLT04263313	P10914	IRF1	Homo sapiens	chromatin immunoprecipitation assay	21803131	jaspar	No	hg19	chr2	65126267	65126287	+
TFLinkLT04263314	P10914	IRF1	Homo sapiens	chromatin immunoprecipitation assay	21803131	jaspar	No	hg19	chr2	65126311	65126331	-
TFLinkLT04263315	P10914	IRF1	Homo sapiens	chromatin immunoprecipitation assay	21803131	jaspar	No	hg19	chr22	19247304	19247324	-
TFLinkLT04263316	P10914	IRF1	Homo sapiens	chromatin immunoprecipitation assay	21803131	jaspar	No	hg19	chr22	36635618	36635638	-
TFLinkLT04263317	P10914	IRF1	Homo sapiens	chromatin immunoprecipitation assay	21803131	jaspar	No	hg19	chr22	36649114	36649134	+
TFLinkLT04263318	P10914	IRF1	Homo sapiens	chromatin immunoprecipitation assay	21803131	jaspar	No	hg19	chr16	85089063	85089083	-
TFLinkLT04263319	P10914	IRF1	Homo sapiens	chromatin immunoprecipitation assay	21803131	jaspar	No	hg19	chr22	36556848	36556868	-
TFLinkLT04263320	P10914	IRF1	Homo sapiens	chromatin immunoprecipitation assay	21803131	jaspar	No	hg19	chr3	141013358	141013378	-
TFLinkLT04263321	P10914	IRF1	Homo sapiens	chromatin immunoprecipitation assay	21803131	jaspar	No	hg19	chr12	24948833	24948853	+
TFLinkLT04263322	P10914	IRF1	Homo sapiens	chromatin immunoprecipitation assay	21803131	jaspar	No	hg19	chr1	16546756	16546776	-
TFLinkLT04263323	P10914	IRF1	Homo sapiens	chromatin immunoprecipitation assay	21803131	jaspar	No	hg19	chr2	176432593	176432613	-
TFLinkLT04263324	P10914	IRF1	Homo sapiens	chromatin immunoprecipitation assay	21803131	jaspar	No	hg19	chr6	28242845	28242865	+
TFLinkLT04263325	P10914	IRF1	Homo sapiens	chromatin immunoprecipitation assay	21803131	jaspar	No	hg19	chr6	28242876	28242896	+
TFLinkLT04263326	P10914	IRF1	Homo sapiens	chromatin immunoprecipitation assay	21803131	jaspar	No	hg19	chr17	38710710	38710730	+
TFLinkLT04263327	P10914	IRF1	Homo sapiens	chromatin immunoprecipitation assay	21803131	jaspar	No	hg19	chr22	36044400	36044420	-
TFLinkLT04263328	P10914	IRF1	Homo sapiens	chromatin immunoprecipitation assay	21803131	jaspar	No	hg19	chr22	36552994	36553014	+
TFLinkLT04263329	P10914	IRF1	Homo sapiens	chromatin immunoprecipitation assay	21803131	jaspar	No	hg19	chr11	20382396	20382416	-
TFLinkLT04263330	P10914	IRF1	Homo sapiens	chromatin immunoprecipitation assay	21803131	jaspar	No	hg19	chr3	88081097	88081117	+
TFLinkLT04263331	P10914	IRF1	Homo sapiens	chromatin immunoprecipitation assay	21803131	jaspar	No	hg19	chr2	166759593	166759613	-
TFLinkLT04263332	P10914	IRF1	Homo sapiens	chromatin immunoprecipitation assay	21803131	jaspar	No	hg19	chr22	36634318	36634338	+
TFLinkLT04263333	P10914	IRF1	Homo sapiens	chromatin immunoprecipitation assay	21803131	jaspar	No	hg19	chr22	36634348	36634368	+
TFLinkLT04263334	P10914	IRF1	Homo sapiens	chromatin immunoprecipitation assay	21803131	jaspar	No	hg19	chr7	106408659	106408679	+
TFLinkLT04263335	P10914	IRF1	Homo sapiens	chromatin immunoprecipitation assay	21803131	jaspar	No	hg19	chr7	132351306	132351326	-
TFLinkLT04263336	P10914	IRF1	Homo sapiens	chromatin immunoprecipitation assay	21803131	jaspar	No	hg19	chr2	109591224	109591244	-
TFLinkLT04263337	P10914	IRF1	Homo sapiens	chromatin immunoprecipitation assay	21803131	jaspar	No	hg19	chr15	31342657	31342677	+
TFLinkLT04263338	P10914	IRF1	Homo sapiens	chromatin immunoprecipitation assay	21803131	jaspar	No	hg19	chr15	31342681	31342701	+
TFLinkLT04263339	P10914	IRF1	Homo sapiens	chromatin immunoprecipitation assay	21803131	jaspar	No	hg19	chr3	183860591	183860611	-
TFLinkLT04263340	P10914	IRF1	Homo sapiens	chromatin immunoprecipitation assay	21803131	jaspar	No	hg19	chr7	6145731	6145751	+
TFLinkLT04263341	P10914	IRF1	Homo sapiens	chromatin immunoprecipitation assay	21803131	jaspar	No	hg19	chr7	6145761	6145781	+
TFLinkLT04263342	P10914	IRF1	Homo sapiens	chromatin immunoprecipitation assay	21803131	jaspar	No	hg19	chr17	51648877	51648897	-
TFLinkLT04263343	P10914	IRF1	Homo sapiens	chromatin immunoprecipitation assay	21803131	jaspar	No	hg19	chr15	50540132	50540152	+
TFLinkLT04263344	P10914	IRF1	Homo sapiens	chromatin immunoprecipitation assay	21803131	jaspar	No	hg19	chr5	1537169	1537189	+
TFLinkLT04263345	P10914	IRF1	Homo sapiens	chromatin immunoprecipitation assay	21803131	jaspar	No	hg19	chr15	88113589	88113609	-
TFLinkLT04263346	P10914	IRF1	Homo sapiens	chromatin immunoprecipitation assay	21803131	jaspar	No	hg19	chr2	192054173	192054193	+
TFLinkLT04263347	P10914	IRF1	Homo sapiens	chromatin immunoprecipitation assay	21803131	jaspar	No	hg19	chr12	97113981	97114001	+
TFLinkLT04263348	P10914	IRF1	Homo sapiens	chromatin immunoprecipitation assay	21803131	jaspar	No	hg19	chr21	36012683	36012703	+
TFLinkLT04263349	P10914	IRF1	Homo sapiens	chromatin immunoprecipitation assay	21803131	jaspar	No	hg19	chr5	34695874	34695894	-
TFLinkLT04263350	P10914	IRF1	Homo sapiens	chromatin immunoprecipitation assay	21803131	jaspar	No	hg19	chr5	34695898	34695918	+
TFLinkLT04263351	P10914	IRF1	Homo sapiens	chromatin immunoprecipitation assay	21803131	jaspar	No	hg19	chr21	36306478	36306498	+
TFLinkLT04263352	P10914	IRF1	Homo sapiens	chromatin immunoprecipitation assay	21803131	jaspar	No	hg19	chr6	25139178	25139198	+
TFLinkLT04263353	P10914	IRF1	Homo sapiens	chromatin immunoprecipitation assay	21803131	jaspar	No	hg19	chr1	89535799	89535819	-
TFLinkLT04263354	P10914	IRF1	Homo sapiens	chromatin immunoprecipitation assay	21803131	jaspar	No	hg19	chr8	17845539	17845559	-
TFLinkLT04263355	P10914	IRF1	Homo sapiens	chromatin immunoprecipitation assay	21803131	jaspar	No	hg19	chr10	112001390	112001410	+
TFLinkLT04263356	P10914	IRF1	Homo sapiens	chromatin immunoprecipitation assay	21803131	jaspar	No	hg19	chr8	16461667	16461687	+
TFLinkLT04263357	P10914	IRF1	Homo sapiens	chromatin immunoprecipitation assay	21803131	jaspar	No	hg19	chr21	34727803	34727823	-
TFLinkLT04263358	P10914	IRF1	Homo sapiens	chromatin immunoprecipitation assay	21803131	jaspar	No	hg19	chr1	193387737	193387757	-
TFLinkLT04263359	P10914	IRF1	Homo sapiens	chromatin immunoprecipitation assay	21803131	jaspar	No	hg19	chr18	9185067	9185087	-
TFLinkLT04263360	P10914	IRF1	Homo sapiens	chromatin immunoprecipitation assay	21803131	jaspar	No	hg19	chr18	9185089	9185109	-
TFLinkLT04263361	P10914	IRF1	Homo sapiens	chromatin immunoprecipitation assay	21803131	jaspar	No	hg19	chr6	34625322	34625342	-
TFLinkLT04263362	P10914	IRF1	Homo sapiens	chromatin immunoprecipitation assay	21803131	jaspar	No	hg19	chr1	33428012	33428032	-
TFLinkLT04263363	P10914	IRF1	Homo sapiens	chromatin immunoprecipitation assay	21803131	jaspar	No	hg19	chr6	33281854	33281874	+
TFLinkLT04263364	P10914	IRF1	Homo sapiens	chromatin immunoprecipitation assay	21803131	jaspar	No	hg19	chr12	34279268	34279288	+
TFLinkLT04263365	P10914	IRF1	Homo sapiens	chromatin immunoprecipitation assay	21803131	jaspar	No	hg19	chr12	34279293	34279313	+
TFLinkLT04263366	P10914	IRF1	Homo sapiens	chromatin immunoprecipitation assay	21803131	jaspar	No	hg19	chr20	3913543	3913563	+
TFLinkLT04263367	P10914	IRF1	Homo sapiens	chromatin immunoprecipitation assay	21803131	jaspar	No	hg19	chr2	149310719	149310739	-
TFLinkLT04263368	P10914	IRF1	Homo sapiens	chromatin immunoprecipitation assay	21803131	jaspar	No	hg19	chr10	91152258	91152278	+
TFLinkLT04263369	P10914	IRF1	Homo sapiens	chromatin immunoprecipitation assay	21803131	jaspar	No	hg19	chr7	148660381	148660401	-
TFLinkLT04263370	P10914	IRF1	Homo sapiens	chromatin immunoprecipitation assay	21803131	jaspar	No	hg19	chr5	81074997	81075017	-
TFLinkLT04263371	P10914	IRF1	Homo sapiens	chromatin immunoprecipitation assay	21803131	jaspar	No	hg19	chr21	36901641	36901661	+
TFLinkLT04263372	P10914	IRF1	Homo sapiens	chromatin immunoprecipitation assay	21803131	jaspar	No	hg19	chr3	171209421	171209441	+
TFLinkLT04263373	P10914	IRF1	Homo sapiens	chromatin immunoprecipitation assay	21803131	jaspar	No	hg19	chr4	159851161	159851181	+
TFLinkLT04263374	P10914	IRF1	Homo sapiens	chromatin immunoprecipitation assay	21803131	jaspar	No	hg19	chr11	38637884	38637904	+
TFLinkLT04263375	P10914	IRF1	Homo sapiens	chromatin immunoprecipitation assay	21803131	jaspar	No	hg19	chr8	124049966	124049986	-
TFLinkLT04263376	P10914	IRF1	Homo sapiens	chromatin immunoprecipitation assay	21803131	jaspar	No	hg19	chr8	145060618	145060638	-
TFLinkLT04263377	P10914	IRF1	Homo sapiens	chromatin immunoprecipitation assay	21803131	jaspar	No	hg19	chr13	31147081	31147101	+
TFLinkLT04263378	P10914	IRF1	Homo sapiens	chromatin immunoprecipitation assay	21803131	jaspar	No	hg19	chr1	89594672	89594692	-
TFLinkLT04263379	P10914	IRF1	Homo sapiens	chromatin immunoprecipitation assay	21803131	jaspar	No	hg19	chr20	47717665	47717685	+
TFLinkLT04263380	P10914	IRF1	Homo sapiens	chromatin immunoprecipitation assay	21803131	jaspar	No	hg19	chr5	5025979	5025999	-
TFLinkLT04263381	P10914	IRF1	Homo sapiens	chromatin immunoprecipitation assay	21803131	jaspar	No	hg19	chr5	85866089	85866109	+
TFLinkLT04263382	P10914	IRF1	Homo sapiens	chromatin immunoprecipitation assay	21803131	jaspar	No	hg19	chr12	6561247	6561267	-
TFLinkLT04263383	P10914	IRF1	Homo sapiens	chromatin immunoprecipitation assay	21803131	jaspar	No	hg19	chr3	142935728	142935748	-
TFLinkLT04263384	P10914	IRF1	Homo sapiens	chromatin immunoprecipitation assay	21803131	jaspar	No	hg19	chr13	28278952	28278972	-
TFLinkLT04263385	P10914	IRF1	Homo sapiens	chromatin immunoprecipitation assay	21803131	jaspar	No	hg19	chr2	84260632	84260652	-
TFLinkLT04263386	P10914	IRF1	Homo sapiens	chromatin immunoprecipitation assay	21803131	jaspar	No	hg19	chr8	23088286	23088306	+
TFLinkLT04263387	P10914	IRF1	Homo sapiens	chromatin immunoprecipitation assay	21803131	jaspar	No	hg19	chr17	74749793	74749813	-
TFLinkLT04263388	P10914	IRF1	Homo sapiens	chromatin immunoprecipitation assay	21803131	jaspar	No	hg19	chr8	144107950	144107970	+
TFLinkLT04263389	P10914	IRF1	Homo sapiens	chromatin immunoprecipitation assay	21803131	jaspar	No	hg19	chr17	46590703	46590723	-
TFLinkLT04263390	P10914	IRF1	Homo sapiens	chromatin immunoprecipitation assay	21803131	jaspar	No	hg19	chrX	119259520	119259540	+
TFLinkLT04263391	P10914	IRF1	Homo sapiens	chromatin immunoprecipitation assay	21803131	jaspar	No	hg19	chr2	131914240	131914260	+
TFLinkLT04263392	P10914	IRF1	Homo sapiens	chromatin immunoprecipitation assay	21803131	jaspar	No	hg19	chr21	25260158	25260178	+
TFLinkLT04263393	P10914	IRF1	Homo sapiens	chromatin immunoprecipitation assay	21803131	jaspar	No	hg19	chr2	138710259	138710279	-
TFLinkLT04263394	P10914	IRF1	Homo sapiens	chromatin immunoprecipitation assay	21803131	jaspar	No	hg19	chr4	10585780	10585800	+
TFLinkLT04263395	P10914	IRF1	Homo sapiens	chromatin immunoprecipitation assay	21803131	jaspar	No	hg19	chr1	170137662	170137682	+
TFLinkLT04263396	P10914	IRF1	Homo sapiens	chromatin immunoprecipitation assay	21803131	jaspar	No	hg19	chr4	7780730	7780750	-
TFLinkLT04263397	P10914	IRF1	Homo sapiens	chromatin immunoprecipitation assay	21803131	jaspar	No	hg19	chr19	35158543	35158563	+
TFLinkLT04263398	P10914	IRF1	Homo sapiens	chromatin immunoprecipitation assay	21803131	jaspar	No	hg19	chr2	133058340	133058360	+
TFLinkLT04263399	P10914	IRF1	Homo sapiens	chromatin immunoprecipitation assay	21803131	jaspar	No	hg19	chr4	164317110	164317130	+
TFLinkLT04263400	P10914	IRF1	Homo sapiens	chromatin immunoprecipitation assay	21803131	jaspar	No	hg19	chr8	24842462	24842482	-
TFLinkLT04263401	P10914	IRF1	Homo sapiens	chromatin immunoprecipitation assay	21803131	jaspar	No	hg19	chr1	87205974	87205994	-
TFLinkLT04263402	P10914	IRF1	Homo sapiens	chromatin immunoprecipitation assay	21803131	jaspar	No	hg19	chr1	948765	948785	-
TFLinkLT04263403	P10914	IRF1	Homo sapiens	chromatin immunoprecipitation assay	21803131	jaspar	No	hg19	chr17	80377544	80377564	-
TFLinkLT04263404	P10914	IRF1	Homo sapiens	chromatin immunoprecipitation assay	21803131	jaspar	No	hg19	chr14	93570177	93570197	-
TFLinkLT04263405	P10914	IRF1	Homo sapiens	chromatin immunoprecipitation assay	21803131	jaspar	No	hg19	chr2	233228798	233228818	-
TFLinkLT04263406	P10914	IRF1	Homo sapiens	chromatin immunoprecipitation assay	21803131	jaspar	No	hg19	chr4	153477705	153477725	+
TFLinkLT04263407	P10914	IRF1	Homo sapiens	chromatin immunoprecipitation assay	21803131	jaspar	No	hg19	chr7	120666342	120666362	+
TFLinkLT04263408	P10914	IRF1	Homo sapiens	chromatin immunoprecipitation assay	21803131	jaspar	No	hg19	chr5	71183665	71183685	-
TFLinkLT04263409	P10914	IRF1	Homo sapiens	chromatin immunoprecipitation assay	21803131	jaspar	No	hg19	chr3	170881139	170881159	-
TFLinkLT04263410	P10914	IRF1	Homo sapiens	chromatin immunoprecipitation assay	21803131	jaspar	No	hg19	chr1	46528465	46528485	+
TFLinkLT04263411	P10914	IRF1	Homo sapiens	chromatin immunoprecipitation assay	21803131	jaspar	No	hg19	chr1	179098949	179098969	-
TFLinkLT04263412	P10914	IRF1	Homo sapiens	chromatin immunoprecipitation assay	21803131	jaspar	No	hg19	chr1	179098986	179099006	+
TFLinkLT04263413	P10914	IRF1	Homo sapiens	chromatin immunoprecipitation assay	21803131	jaspar	No	hg19	chr7	92747413	92747433	+
TFLinkLT04263414	P10914	IRF1	Homo sapiens	chromatin immunoprecipitation assay	21803131	jaspar	No	hg19	chr4	185338486	185338506	-
TFLinkLT04263415	P10914	IRF1	Homo sapiens	chromatin immunoprecipitation assay	21803131	jaspar	No	hg19	chr4	17387231	17387251	-
TFLinkLT04263416	P10914	IRF1	Homo sapiens	chromatin immunoprecipitation assay	21803131	jaspar	No	hg19	chr18	53144936	53144956	+
TFLinkLT04263417	P10914	IRF1	Homo sapiens	chromatin immunoprecipitation assay	21803131	jaspar	No	hg19	chr3	58311383	58311403	+
TFLinkLT04263418	P10914	IRF1	Homo sapiens	chromatin immunoprecipitation assay	21803131	jaspar	No	hg19	chr2	41942889	41942909	-
TFLinkLT04263419	P10914	IRF1	Homo sapiens	chromatin immunoprecipitation assay	21803131	jaspar	No	hg19	chr2	41942931	41942951	+
TFLinkLT04263420	P10914	IRF1	Homo sapiens	chromatin immunoprecipitation assay	21803131	jaspar	No	hg19	chr14	35763617	35763637	-
TFLinkLT04263421	P10914	IRF1	Homo sapiens	chromatin immunoprecipitation assay	21803131	jaspar	No	hg19	chr13	41558972	41558992	+
TFLinkLT04263422	P10914	IRF1	Homo sapiens	chromatin immunoprecipitation assay	21803131	jaspar	No	hg19	chr5	132953992	132954012	-
TFLinkLT04263423	P10914	IRF1	Homo sapiens	chromatin immunoprecipitation assay	21803131	jaspar	No	hg19	chr3	23991956	23991976	+
TFLinkLT04263424	P10914	IRF1	Homo sapiens	chromatin immunoprecipitation assay	21803131	jaspar	No	hg19	chr2	219129000	219129020	-
TFLinkLT04263425	P10914	IRF1	Homo sapiens	chromatin immunoprecipitation assay	21803131	jaspar	No	hg19	chr8	52717620	52717640	+
TFLinkLT04263426	P10914	IRF1	Homo sapiens	chromatin immunoprecipitation assay	21803131	jaspar	No	hg19	chr9	131448504	131448524	+
TFLinkLT04263427	P10914	IRF1	Homo sapiens	chromatin immunoprecipitation assay	21803131	jaspar	No	hg19	chr3	48100603	48100623	-
TFLinkLT04263428	P10914	IRF1	Homo sapiens	chromatin immunoprecipitation assay	21803131	jaspar	No	hg19	chr6	119788813	119788833	+
TFLinkLT04263429	P10914	IRF1	Homo sapiens	chromatin immunoprecipitation assay	21803131	jaspar	No	hg19	chr5	96143632	96143652	-
TFLinkLT04263430	P10914	IRF1	Homo sapiens	chromatin immunoprecipitation assay	21803131	jaspar	No	hg19	chr5	35249593	35249613	-
TFLinkLT04263431	P10914	IRF1	Homo sapiens	chromatin immunoprecipitation assay	21803131	jaspar	No	hg19	chr14	24720310	24720330	-
TFLinkLT04263432	P10914	IRF1	Homo sapiens	chromatin immunoprecipitation assay	21803131	jaspar	No	hg19	chr17	49107368	49107388	+
TFLinkLT04263433	P10914	IRF1	Homo sapiens	chromatin immunoprecipitation assay	21803131	jaspar	No	hg19	chr6	133134278	133134298	-
TFLinkLT04263434	P10914	IRF1	Homo sapiens	chromatin immunoprecipitation assay	21803131	jaspar	No	hg19	chr10	91092186	91092206	+
TFLinkLT04263435	P10914	IRF1	Homo sapiens	chromatin immunoprecipitation assay	21803131	jaspar	No	hg19	chr10	91092229	91092249	+
TFLinkLT04263436	P10914	IRF1	Homo sapiens	chromatin immunoprecipitation assay	21803131	jaspar	No	hg19	chr15	59274226	59274246	+
TFLinkLT04263437	P10914	IRF1	Homo sapiens	chromatin immunoprecipitation assay	21803131	jaspar	No	hg19	chr1	15483051	15483071	+
TFLinkLT04263438	P10914	IRF1	Homo sapiens	chromatin immunoprecipitation assay	21803131	jaspar	No	hg19	chr20	44740095	44740115	+
TFLinkLT04263439	P10914	IRF1	Homo sapiens	chromatin immunoprecipitation assay	21803131	jaspar	No	hg19	chr6	27088846	27088866	-
TFLinkLT04263440	P10914	IRF1	Homo sapiens	chromatin immunoprecipitation assay	21803131	jaspar	No	hg19	chr11	107940902	107940922	-
TFLinkLT04263441	P10914	IRF1	Homo sapiens	chromatin immunoprecipitation assay	21803131	jaspar	No	hg19	chr17	46928490	46928510	-
TFLinkLT04263442	P10914	IRF1	Homo sapiens	chromatin immunoprecipitation assay	21803131	jaspar	No	hg19	chr1	23445891	23445911	-
TFLinkLT04263443	P10914	IRF1	Homo sapiens	chromatin immunoprecipitation assay	21803131	jaspar	No	hg19	chr5	179263909	179263929	+
TFLinkLT04263444	P10914	IRF1	Homo sapiens	chromatin immunoprecipitation assay	21803131	jaspar	No	hg19	chr18	52613708	52613728	+
TFLinkLT04263445	P10914	IRF1	Homo sapiens	chromatin immunoprecipitation assay	21803131	jaspar	No	hg19	chr9	5450334	5450354	+
TFLinkLT04263446	P10914	IRF1	Homo sapiens	chromatin immunoprecipitation assay	21803131	jaspar	No	hg19	chr2	113525786	113525806	+
TFLinkLT04263447	P10914	IRF1	Homo sapiens	chromatin immunoprecipitation assay	21803131	jaspar	No	hg19	chr2	6973391	6973411	-
TFLinkLT04263448	P10914	IRF1	Homo sapiens	chromatin immunoprecipitation assay	21803131	jaspar	No	hg19	chr2	6973415	6973435	-
TFLinkLT04263449	P10914	IRF1	Homo sapiens	chromatin immunoprecipitation assay	21803131	jaspar	No	hg19	chr2	39222381	39222401	+
TFLinkLT04263450	P10914	IRF1	Homo sapiens	chromatin immunoprecipitation assay	21803131	jaspar	No	hg19	chr1	241939188	241939208	+
TFLinkLT04263451	P10914	IRF1	Homo sapiens	chromatin immunoprecipitation assay	21803131	jaspar	No	hg19	chr5	107338983	107339003	-
TFLinkLT04263452	P10914	IRF1	Homo sapiens	chromatin immunoprecipitation assay	21803131	jaspar	No	hg19	chr5	107339011	107339031	-
TFLinkLT04263453	P10914	IRF1	Homo sapiens	chromatin immunoprecipitation assay	21803131	jaspar	No	hg19	chr4	104132306	104132326	-
TFLinkLT04263454	P10914	IRF1	Homo sapiens	chromatin immunoprecipitation assay	21803131	jaspar	No	hg19	chr3	142164951	142164971	+
TFLinkLT04263455	P10914	IRF1	Homo sapiens	chromatin immunoprecipitation assay	21803131	jaspar	No	hg19	chrX	71883782	71883802	-
TFLinkLT04263456	P10914	IRF1	Homo sapiens	chromatin immunoprecipitation assay	21803131	jaspar	No	hg19	chr8	67447458	67447478	+
TFLinkLT04263457	P10914	IRF1	Homo sapiens	chromatin immunoprecipitation assay	21803131	jaspar	No	hg19	chr8	81344872	81344892	-
TFLinkLT04263458	P10914	IRF1	Homo sapiens	chromatin immunoprecipitation assay	21803131	jaspar	No	hg19	chr7	150940632	150940652	-
TFLinkLT04263459	P10914	IRF1	Homo sapiens	chromatin immunoprecipitation assay	21803131	jaspar	No	hg19	chr1	208260073	208260093	+
TFLinkLT04263460	P10914	IRF1	Homo sapiens	chromatin immunoprecipitation assay	21803131	jaspar	No	hg19	chr3	194466748	194466768	-
TFLinkLT04263461	P10914	IRF1	Homo sapiens	chromatin immunoprecipitation assay	21803131	jaspar	No	hg19	chr3	66940785	66940805	+
TFLinkLT04263462	P10914	IRF1	Homo sapiens	chromatin immunoprecipitation assay	21803131	jaspar	No	hg19	chr1	84901027	84901047	-
TFLinkLT04263463	P10914	IRF1	Homo sapiens	chromatin immunoprecipitation assay	21803131	jaspar	No	hg19	chr12	96740695	96740715	-
TFLinkLT04263464	P10914	IRF1	Homo sapiens	chromatin immunoprecipitation assay	21803131	jaspar	No	hg19	chr12	96740738	96740758	-
TFLinkLT04263465	P10914	IRF1	Homo sapiens	chromatin immunoprecipitation assay	21803131	jaspar	No	hg19	chr1	230305653	230305673	-
TFLinkLT04263466	P10914	IRF1	Homo sapiens	chromatin immunoprecipitation assay	21803131	jaspar	No	hg19	chr11	61783225	61783245	-
TFLinkLT04263467	P10914	IRF1	Homo sapiens	chromatin immunoprecipitation assay	21803131	jaspar	No	hg19	chr20	61436159	61436179	+
TFLinkLT04263468	P10914	IRF1	Homo sapiens	chromatin immunoprecipitation assay	21803131	jaspar	No	hg19	chr15	68591580	68591600	+
TFLinkLT04263469	P10914	IRF1	Homo sapiens	chromatin immunoprecipitation assay	21803131	jaspar	No	hg19	chr16	81037863	81037883	-
TFLinkLT04263470	P10914	IRF1	Homo sapiens	chromatin immunoprecipitation assay	21803131	jaspar	No	hg19	chr7	33231081	33231101	+
TFLinkLT04263471	P10914	IRF1	Homo sapiens	chromatin immunoprecipitation assay	21803131	jaspar	No	hg19	chr1	174959696	174959716	+
TFLinkLT04263472	P10914	IRF1	Homo sapiens	chromatin immunoprecipitation assay	21803131	jaspar	No	hg19	chr10	30536814	30536834	+
TFLinkLT04263473	P10914	IRF1	Homo sapiens	chromatin immunoprecipitation assay	21803131	jaspar	No	hg19	chr10	63157581	63157601	+
TFLinkLT04263474	P10914	IRF1	Homo sapiens	chromatin immunoprecipitation assay	21803131	jaspar	No	hg19	chr1	243518001	243518021	+
TFLinkLT04263475	P10914	IRF1	Homo sapiens	chromatin immunoprecipitation assay	21803131	jaspar	No	hg19	chr17	38214820	38214840	-
TFLinkLT04263476	P10914	IRF1	Homo sapiens	chromatin immunoprecipitation assay	21803131	jaspar	No	hg19	chr2	19562258	19562278	-
TFLinkLT04263477	P10914	IRF1	Homo sapiens	chromatin immunoprecipitation assay	21803131	jaspar	No	hg19	chr13	98021697	98021717	-
TFLinkLT04263478	P10914	IRF1	Homo sapiens	chromatin immunoprecipitation assay	21803131	jaspar	No	hg19	chr1	110577047	110577067	-
TFLinkLT04263479	P10914	IRF1	Homo sapiens	chromatin immunoprecipitation assay	21803131	jaspar	No	hg19	chr11	57333785	57333805	-
TFLinkLT04263480	P10914	IRF1	Homo sapiens	chromatin immunoprecipitation assay	21803131	jaspar	No	hg19	chr1	161014774	161014794	-
TFLinkLT04263481	P10914	IRF1	Homo sapiens	chromatin immunoprecipitation assay	21803131	jaspar	No	hg19	chr5	64778728	64778748	+
TFLinkLT04263482	P10914	IRF1	Homo sapiens	chromatin immunoprecipitation assay	21803131	jaspar	No	hg19	chr6	32811814	32811834	-
TFLinkLT04263483	P10914	IRF1	Homo sapiens	chromatin immunoprecipitation assay	21803131	jaspar	No	hg19	chr14	65548272	65548292	+
TFLinkLT04263484	P10914	IRF1	Homo sapiens	chromatin immunoprecipitation assay	21803131	jaspar	No	hg19	chr18	65085552	65085572	-
TFLinkLT04263485	P10914	IRF1	Homo sapiens	chromatin immunoprecipitation assay	21803131	jaspar	No	hg19	chr4	119771826	119771846	+
TFLinkLT04263486	P10914	IRF1	Homo sapiens	chromatin immunoprecipitation assay	21803131	jaspar	No	hg19	chr3	118561316	118561336	+
TFLinkLT04263487	P10914	IRF1	Homo sapiens	chromatin immunoprecipitation assay	21803131	jaspar	No	hg19	chr5	154094324	154094344	-
TFLinkLT04263488	P10914	IRF1	Homo sapiens	chromatin immunoprecipitation assay	21803131	jaspar	No	hg19	chr5	98369224	98369244	-
TFLinkLT04263489	P10914	IRF1	Homo sapiens	chromatin immunoprecipitation assay	21803131	jaspar	No	hg19	chr11	62672975	62672995	-
TFLinkLT04263490	P10914	IRF1	Homo sapiens	chromatin immunoprecipitation assay	21803131	jaspar	No	hg19	chr19	21787384	21787404	-
TFLinkLT04263491	P10914	IRF1	Homo sapiens	chromatin immunoprecipitation assay	21803131	jaspar	No	hg19	chr14	102946396	102946416	+
TFLinkLT04263492	P10914	IRF1	Homo sapiens	chromatin immunoprecipitation assay	21803131	jaspar	No	hg19	chr7	14049857	14049877	+
TFLinkLT04263493	P10914	IRF1	Homo sapiens	chromatin immunoprecipitation assay	21803131	jaspar	No	hg19	chr1	173501566	173501586	-
TFLinkLT04263494	P10914	IRF1	Homo sapiens	chromatin immunoprecipitation assay	21803131	jaspar	No	hg19	chr10	6927155	6927175	+
TFLinkLT04263495	P10914	IRF1	Homo sapiens	chromatin immunoprecipitation assay	21803131	jaspar	No	hg19	chr8	117484999	117485019	-
TFLinkLT04263496	P10914	IRF1	Homo sapiens	chromatin immunoprecipitation assay	21803131	jaspar	No	hg19	chrX	1620231	1620251	+
TFLinkLT04263497	P10914	IRF1	Homo sapiens	chromatin immunoprecipitation assay	21803131	jaspar	No	hg19	chr17	17531971	17531991	-
TFLinkLT04263498	P10914	IRF1	Homo sapiens	chromatin immunoprecipitation assay	21803131	jaspar	No	hg19	chr17	17532007	17532027	+
TFLinkLT04263499	P10914	IRF1	Homo sapiens	chromatin immunoprecipitation assay	21803131	jaspar	No	hg19	chr2	108329442	108329462	-
TFLinkLT04263500	P10914	IRF1	Homo sapiens	chromatin immunoprecipitation assay	21803131	jaspar	No	hg19	chr12	113376131	113376151	-
TFLinkLT04263501	P10914	IRF1	Homo sapiens	chromatin immunoprecipitation assay	21803131	jaspar	No	hg19	chr1	242108297	242108317	+
TFLinkLT04263502	P10914	IRF1	Homo sapiens	chromatin immunoprecipitation assay	21803131	jaspar	No	hg19	chr1	166459378	166459398	-
TFLinkLT04263503	P10914	IRF1	Homo sapiens	chromatin immunoprecipitation assay	21803131	jaspar	No	hg19	chr17	1992971	1992991	-
TFLinkLT04263504	P10914	IRF1	Homo sapiens	chromatin immunoprecipitation assay	21803131	jaspar	No	hg19	chr11	63342169	63342189	-
TFLinkLT04263505	P10914	IRF1	Homo sapiens	chromatin immunoprecipitation assay	21803131	jaspar	No	hg19	chr19	47217868	47217888	-
TFLinkLT04263506	P10914	IRF1	Homo sapiens	chromatin immunoprecipitation assay	21803131	jaspar	No	hg19	chrX	41190953	41190973	-
TFLinkLT04263507	P10914	IRF1	Homo sapiens	chromatin immunoprecipitation assay	21803131	jaspar	No	hg19	chr21	42792459	42792479	+
TFLinkLT04263508	P10914	IRF1	Homo sapiens	chromatin immunoprecipitation assay	21803131	jaspar	No	hg19	chr21	42792491	42792511	-
TFLinkLT04263509	P10914	IRF1	Homo sapiens	chromatin immunoprecipitation assay	21803131	jaspar	No	hg19	chr3	197575165	197575185	-
TFLinkLT04263510	P10914	IRF1	Homo sapiens	chromatin immunoprecipitation assay	21803131	jaspar	No	hg19	chr10	6019559	6019579	+
TFLinkLT04263511	P10914	IRF1	Homo sapiens	chromatin immunoprecipitation assay	21803131	jaspar	No	hg19	chr3	183259691	183259711	+
TFLinkLT04263512	P10914	IRF1	Homo sapiens	chromatin immunoprecipitation assay	21803131	jaspar	No	hg19	chr5	143571739	143571759	+
TFLinkLT04263513	P10914	IRF1	Homo sapiens	chromatin immunoprecipitation assay	21803131	jaspar	No	hg19	chr3	118570866	118570886	+
TFLinkLT04263514	P10914	IRF1	Homo sapiens	chromatin immunoprecipitation assay	21803131	jaspar	No	hg19	chr16	47813830	47813850	+
TFLinkLT04263515	P10914	IRF1	Homo sapiens	chromatin immunoprecipitation assay	21803131	jaspar	No	hg19	chr7	30519106	30519126	-
TFLinkLT04263516	P10914	IRF1	Homo sapiens	chromatin immunoprecipitation assay	21803131	jaspar	No	hg19	chr7	30519131	30519151	-
TFLinkLT04263517	P10914	IRF1	Homo sapiens	chromatin immunoprecipitation assay	21803131	jaspar	No	hg19	chr4	15655237	15655257	+
TFLinkLT04263518	P10914	IRF1	Homo sapiens	chromatin immunoprecipitation assay	21803131	jaspar	No	hg19	chr1	57240073	57240093	+
TFLinkLT04263519	P10914	IRF1	Homo sapiens	chromatin immunoprecipitation assay	21803131	jaspar	No	hg19	chr7	72980458	72980478	-
TFLinkLT04263520	P10914	IRF1	Homo sapiens	chromatin immunoprecipitation assay	21803131	jaspar	No	hg19	chr19	11692689	11692709	+
TFLinkLT04263521	P10914	IRF1	Homo sapiens	chromatin immunoprecipitation assay	21803131	jaspar	No	hg19	chr2	226329565	226329585	+
TFLinkLT04263522	P10914	IRF1	Homo sapiens	chromatin immunoprecipitation assay	21803131	jaspar	No	hg19	chr15	76193549	76193569	-
TFLinkLT04263523	P10914	IRF1	Homo sapiens	chromatin immunoprecipitation assay	21803131	jaspar	No	hg19	chr1	212016668	212016688	+
TFLinkLT04263524	P10914	IRF1	Homo sapiens	chromatin immunoprecipitation assay	21803131	jaspar	No	hg19	chr1	23501090	23501110	+
TFLinkLT04263525	P10914	IRF1	Homo sapiens	chromatin immunoprecipitation assay	21803131	jaspar	No	hg19	chr5	95146144	95146164	-
TFLinkLT04263526	P10914	IRF1	Homo sapiens	chromatin immunoprecipitation assay	21803131	jaspar	No	hg19	chr1	200321280	200321300	-
TFLinkLT04263527	P10914	IRF1	Homo sapiens	chromatin immunoprecipitation assay	21803131	jaspar	No	hg19	chr1	173376030	173376050	-
TFLinkLT04263528	P10914	IRF1	Homo sapiens	chromatin immunoprecipitation assay	21803131	jaspar	No	hg19	chr15	96936271	96936291	+
TFLinkLT04263529	P10914	IRF1	Homo sapiens	chromatin immunoprecipitation assay	21803131	jaspar	No	hg19	chr6	31171860	31171880	+
TFLinkLT04263530	P10914	IRF1	Homo sapiens	chromatin immunoprecipitation assay	21803131	jaspar	No	hg19	chr11	4414900	4414920	+
TFLinkLT04263531	P10914	IRF1	Homo sapiens	chromatin immunoprecipitation assay	21803131	jaspar	No	hg19	chr20	5059275	5059295	-
TFLinkLT04263532	P10914	IRF1	Homo sapiens	chromatin immunoprecipitation assay	21803131	jaspar	No	hg19	chr17	40264735	40264755	-
TFLinkLT04263533	P10914	IRF1	Homo sapiens	chromatin immunoprecipitation assay	21803131	jaspar	No	hg19	chr4	159870398	159870418	+
TFLinkLT04263534	P10914	IRF1	Homo sapiens	chromatin immunoprecipitation assay	21803131	jaspar	No	hg19	chr4	159870438	159870458	+
TFLinkLT04263535	P10914	IRF1	Homo sapiens	chromatin immunoprecipitation assay	21803131	jaspar	No	hg19	chr3	49851382	49851402	-
TFLinkLT04263536	P10914	IRF1	Homo sapiens	chromatin immunoprecipitation assay	21803131	jaspar	No	hg19	chr10	6092846	6092866	-
TFLinkLT04263537	P10914	IRF1	Homo sapiens	chromatin immunoprecipitation assay	21803131	jaspar	No	hg19	chr6	111783262	111783282	-
TFLinkLT04263538	P10914	IRF1	Homo sapiens	chromatin immunoprecipitation assay	21803131	jaspar	No	hg19	chr6	111783287	111783307	-
TFLinkLT04263539	P10914	IRF1	Homo sapiens	chromatin immunoprecipitation assay	21803131	jaspar	No	hg19	chr2	171735150	171735170	-
TFLinkLT04263540	P10914	IRF1	Homo sapiens	chromatin immunoprecipitation assay	21803131	jaspar	No	hg19	chrX	48869393	48869413	-
TFLinkLT04263541	P10914	IRF1	Homo sapiens	chromatin immunoprecipitation assay	21803131	jaspar	No	hg19	chrX	48869421	48869441	-
TFLinkLT04263542	P10914	IRF1	Homo sapiens	chromatin immunoprecipitation assay	21803131	jaspar	No	hg19	chr13	27673026	27673046	-
TFLinkLT04263543	P10914	IRF1	Homo sapiens	chromatin immunoprecipitation assay	21803131	jaspar	No	hg19	chr17	43304609	43304629	-
TFLinkLT04263544	P10914	IRF1	Homo sapiens	chromatin immunoprecipitation assay	21803131	jaspar	No	hg19	chr10	3871230	3871250	-
TFLinkLT04263545	P10914	IRF1	Homo sapiens	chromatin immunoprecipitation assay	21803131	jaspar	No	hg19	chr8	90742307	90742327	-
TFLinkLT04263546	P10914	IRF1	Homo sapiens	chromatin immunoprecipitation assay	21803131	jaspar	No	hg19	chr1	85158783	85158803	-
TFLinkLT04263547	P10914	IRF1	Homo sapiens	chromatin immunoprecipitation assay	21803131	jaspar	No	hg19	chr21	43346811	43346831	+
TFLinkLT04263548	P10914	IRF1	Homo sapiens	chromatin immunoprecipitation assay	21803131	jaspar	No	hg19	chr3	40242431	40242451	-
TFLinkLT04263549	P10914	IRF1	Homo sapiens	chromatin immunoprecipitation assay	21803131	jaspar	No	hg19	chr5	43104384	43104404	-
TFLinkLT04263550	P10914	IRF1	Homo sapiens	chromatin immunoprecipitation assay	21803131	jaspar	No	hg19	chr17	73185502	73185522	-
TFLinkLT04263551	P10914	IRF1	Homo sapiens	chromatin immunoprecipitation assay	21803131	jaspar	No	hg19	chr21	35304323	35304343	-
TFLinkLT04263552	P10914	IRF1	Homo sapiens	chromatin immunoprecipitation assay	21803131	jaspar	No	hg19	chr12	121498036	121498056	-
TFLinkLT04263553	P10914	IRF1	Homo sapiens	chromatin immunoprecipitation assay	21803131	jaspar	No	hg19	chr9	116344271	116344291	+
TFLinkLT04263554	P10914	IRF1	Homo sapiens	chromatin immunoprecipitation assay	21803131	jaspar	No	hg19	chr20	35575471	35575491	-
TFLinkLT04263555	P10914	IRF1	Homo sapiens	chromatin immunoprecipitation assay	21803131	jaspar	No	hg19	chr6	90185555	90185575	-
TFLinkLT04263556	P10914	IRF1	Homo sapiens	chromatin immunoprecipitation assay	21803131	jaspar	No	hg19	chr1	2487987	2488007	+
TFLinkLT04263557	P10914	IRF1	Homo sapiens	chromatin immunoprecipitation assay	21803131	jaspar	No	hg19	chr4	54871842	54871862	-
TFLinkLT04263558	P10914	IRF1	Homo sapiens	chromatin immunoprecipitation assay	21803131	jaspar	No	hg19	chr16	89328207	89328227	+
TFLinkLT04263559	P10914	IRF1	Homo sapiens	chromatin immunoprecipitation assay	21803131	jaspar	No	hg19	chr6	31670123	31670143	-
TFLinkLT04263560	P10914	IRF1	Homo sapiens	chromatin immunoprecipitation assay	21803131	jaspar	No	hg19	chr2	240336089	240336109	-
TFLinkLT04263561	P10914	IRF1	Homo sapiens	chromatin immunoprecipitation assay	21803131	jaspar	No	hg19	chr3	125029590	125029610	+
TFLinkLT04263562	P10914	IRF1	Homo sapiens	chromatin immunoprecipitation assay	21803131	jaspar	No	hg19	chr14	77428492	77428512	+
TFLinkLT04263563	P10914	IRF1	Homo sapiens	chromatin immunoprecipitation assay	21803131	jaspar	No	hg19	chr21	15975107	15975127	+
TFLinkLT04263564	P10914	IRF1	Homo sapiens	chromatin immunoprecipitation assay	21803131	jaspar	No	hg19	chr14	24605402	24605422	+
TFLinkLT04263565	P10914	IRF1	Homo sapiens	chromatin immunoprecipitation assay	21803131	jaspar	No	hg19	chr12	83550814	83550834	+
TFLinkLT04263566	P10914	IRF1	Homo sapiens	chromatin immunoprecipitation assay	21803131	jaspar	No	hg19	chr7	131230993	131231013	-
TFLinkLT04263567	P10914	IRF1	Homo sapiens	chromatin immunoprecipitation assay	21803131	jaspar	No	hg19	chr13	28029640	28029660	-
TFLinkLT04263568	P10914	IRF1	Homo sapiens	chromatin immunoprecipitation assay	21803131	jaspar	No	hg19	chr13	28029663	28029683	+
TFLinkLT04263569	P10914	IRF1	Homo sapiens	chromatin immunoprecipitation assay	21803131	jaspar	No	hg19	chr15	56760911	56760931	+
TFLinkLT04263570	P10914	IRF1	Homo sapiens	chromatin immunoprecipitation assay	21803131	jaspar	No	hg19	chr1	27045591	27045611	+
TFLinkLT04263571	P10914	IRF1	Homo sapiens	chromatin immunoprecipitation assay	21803131	jaspar	No	hg19	chr1	27045616	27045636	+
TFLinkLT04263572	P10914	IRF1	Homo sapiens	chromatin immunoprecipitation assay	21803131	jaspar	No	hg19	chr12	64853604	64853624	+
TFLinkLT04263573	P10914	IRF1	Homo sapiens	chromatin immunoprecipitation assay	21803131	jaspar	No	hg19	chr9	116648859	116648879	-
TFLinkLT04263574	P10914	IRF1	Homo sapiens	chromatin immunoprecipitation assay	21803131	jaspar	No	hg19	chr9	116648881	116648901	-
TFLinkLT04263575	P10914	IRF1	Homo sapiens	chromatin immunoprecipitation assay	21803131	jaspar	No	hg19	chr13	100008807	100008827	-
TFLinkLT04263576	P10914	IRF1	Homo sapiens	chromatin immunoprecipitation assay	21803131	jaspar	No	hg19	chr4	123578159	123578179	+
TFLinkLT04263577	P10914	IRF1	Homo sapiens	chromatin immunoprecipitation assay	21803131	jaspar	No	hg19	chr2	168401463	168401483	-
TFLinkLT04263578	P10914	IRF1	Homo sapiens	chromatin immunoprecipitation assay	21803131	jaspar	No	hg19	chr3	13191401	13191421	-
TFLinkLT04263579	P10914	IRF1	Homo sapiens	chromatin immunoprecipitation assay	21803131	jaspar	No	hg19	chr8	101441011	101441031	-
TFLinkLT04263580	P10914	IRF1	Homo sapiens	chromatin immunoprecipitation assay	21803131	jaspar	No	hg19	chr15	59117211	59117231	+
TFLinkLT04263581	P10914	IRF1	Homo sapiens	chromatin immunoprecipitation assay	21803131	jaspar	No	hg19	chr22	27888947	27888967	-
TFLinkLT04263582	P10914	IRF1	Homo sapiens	chromatin immunoprecipitation assay	21803131	jaspar	No	hg19	chrX	119281703	119281723	-
TFLinkLT04263583	P10914	IRF1	Homo sapiens	chromatin immunoprecipitation assay	21803131	jaspar	No	hg19	chr17	41158785	41158805	-
TFLinkLT04263584	P10914	IRF1	Homo sapiens	chromatin immunoprecipitation assay	21803131	jaspar	No	hg19	chr16	67970759	67970779	+
TFLinkLT04263585	P10914	IRF1	Homo sapiens	chromatin immunoprecipitation assay	21803131	jaspar	No	hg19	chr7	116151931	116151951	-
TFLinkLT04263586	P10914	IRF1	Homo sapiens	chromatin immunoprecipitation assay	21803131	jaspar	No	hg19	chr7	89869156	89869176	+
TFLinkLT04263587	P10914	IRF1	Homo sapiens	chromatin immunoprecipitation assay	21803131	jaspar	No	hg19	chr12	10022485	10022505	-
TFLinkLT04263588	P10914	IRF1	Homo sapiens	chromatin immunoprecipitation assay	21803131	jaspar	No	hg19	chr1	113217477	113217497	+
TFLinkLT04263589	P10914	IRF1	Homo sapiens	chromatin immunoprecipitation assay	21803131	jaspar	No	hg19	chr1	228329023	228329043	-
TFLinkLT04263590	P10914	IRF1	Homo sapiens	chromatin immunoprecipitation assay	21803131	jaspar	No	hg19	chr15	96901000	96901020	-
TFLinkLT04263591	P10914	IRF1	Homo sapiens	chromatin immunoprecipitation assay	21803131	jaspar	No	hg19	chr17	62092441	62092461	-
TFLinkLT04263592	P10914	IRF1	Homo sapiens	chromatin immunoprecipitation assay	21803131	jaspar	No	hg19	chr19	10973822	10973842	+
TFLinkLT04263593	P10914	IRF1	Homo sapiens	chromatin immunoprecipitation assay	21803131	jaspar	No	hg19	chr17	48498875	48498895	-
TFLinkLT04263594	P10914	IRF1	Homo sapiens	chromatin immunoprecipitation assay	21803131	jaspar	No	hg19	chr17	48498937	48498957	+
TFLinkLT04263595	P10914	IRF1	Homo sapiens	chromatin immunoprecipitation assay	21803131	jaspar	No	hg19	chr17	46869214	46869234	+
TFLinkLT04263596	P10914	IRF1	Homo sapiens	chromatin immunoprecipitation assay	21803131	jaspar	No	hg19	chr6	147386317	147386337	-
TFLinkLT04263597	P10914	IRF1	Homo sapiens	chromatin immunoprecipitation assay	21803131	jaspar	No	hg19	chr6	147386380	147386400	+
TFLinkLT04263598	P10914	IRF1	Homo sapiens	chromatin immunoprecipitation assay	21803131	jaspar	No	hg19	chr1	95078269	95078289	+
TFLinkLT04263599	P10914	IRF1	Homo sapiens	chromatin immunoprecipitation assay	21803131	jaspar	No	hg19	chr14	100841724	100841744	+
TFLinkLT04263600	P10914	IRF1	Homo sapiens	chromatin immunoprecipitation assay	21803131	jaspar	No	hg19	chr6	12271234	12271254	+
TFLinkLT04263601	P10914	IRF1	Homo sapiens	chromatin immunoprecipitation assay	21803131	jaspar	No	hg19	chr6	12271272	12271292	+
TFLinkLT04263602	P10914	IRF1	Homo sapiens	chromatin immunoprecipitation assay	21803131	jaspar	No	hg19	chr6	164817869	164817889	-
TFLinkLT04263603	P10914	IRF1	Homo sapiens	chromatin immunoprecipitation assay	21803131	jaspar	No	hg19	chr1	248070115	248070135	-
TFLinkLT04263604	P10914	IRF1	Homo sapiens	chromatin immunoprecipitation assay	21803131	jaspar	No	hg19	chr15	52023905	52023925	+
TFLinkLT04263605	P10914	IRF1	Homo sapiens	chromatin immunoprecipitation assay	21803131	jaspar	No	hg19	chr2	11641002	11641022	-
TFLinkLT04263606	P10914	IRF1	Homo sapiens	chromatin immunoprecipitation assay	21803131	jaspar	No	hg19	chr1	65534359	65534379	+
TFLinkLT04263607	P10914	IRF1	Homo sapiens	chromatin immunoprecipitation assay	21803131	jaspar	No	hg19	chr1	65534381	65534401	+
TFLinkLT04263608	P10914	IRF1	Homo sapiens	chromatin immunoprecipitation assay	21803131	jaspar	No	hg19	chr4	6753375	6753395	-
TFLinkLT04263609	P10914	IRF1	Homo sapiens	chromatin immunoprecipitation assay	21803131	jaspar	No	hg19	chr17	77826781	77826801	+
TFLinkLT04263610	P10914	IRF1	Homo sapiens	chromatin immunoprecipitation assay	21803131	jaspar	No	hg19	chr14	65565534	65565554	+
TFLinkLT04263611	P10914	IRF1	Homo sapiens	chromatin immunoprecipitation assay	21803131	jaspar	No	hg19	chr1	42357359	42357379	+
TFLinkLT04263612	P10914	IRF1	Homo sapiens	chromatin immunoprecipitation assay	21803131	jaspar	No	hg19	chr9	102829012	102829032	+
TFLinkLT04263613	P10914	IRF1	Homo sapiens	chromatin immunoprecipitation assay	21803131	jaspar	No	hg19	chr3	141263725	141263745	-
TFLinkLT04263614	P10914	IRF1	Homo sapiens	chromatin immunoprecipitation assay	21803131	jaspar	No	hg19	chr8	106743441	106743461	+
TFLinkLT04263615	P10914	IRF1	Homo sapiens	chromatin immunoprecipitation assay	21803131	jaspar	No	hg19	chr8	106743465	106743485	-
TFLinkLT04263616	P10914	IRF1	Homo sapiens	chromatin immunoprecipitation assay	21803131	jaspar	No	hg19	chr16	4115285	4115305	+
TFLinkLT04263617	P10914	IRF1	Homo sapiens	chromatin immunoprecipitation assay	21803131	jaspar	No	hg19	chr16	4115327	4115347	-
TFLinkLT04263618	P10914	IRF1	Homo sapiens	chromatin immunoprecipitation assay	21803131	jaspar	No	hg19	chr5	158547606	158547626	-
TFLinkLT04263619	P10914	IRF1	Homo sapiens	chromatin immunoprecipitation assay	21803131	jaspar	No	hg19	chr1	16242623	16242643	-
TFLinkLT04263620	P10914	IRF1	Homo sapiens	chromatin immunoprecipitation assay	21803131	jaspar	No	hg19	chr6	150553674	150553694	+
TFLinkLT04263621	P10914	IRF1	Homo sapiens	chromatin immunoprecipitation assay	21803131	jaspar	No	hg19	chr6	143935544	143935564	+
TFLinkLT04263622	P10914	IRF1	Homo sapiens	chromatin immunoprecipitation assay	21803131	jaspar	No	hg19	chr6	146186454	146186474	+
TFLinkLT04263623	P10914	IRF1	Homo sapiens	chromatin immunoprecipitation assay	21803131	jaspar	No	hg19	chr12	4324543	4324563	+
TFLinkLT04263624	P10914	IRF1	Homo sapiens	chromatin immunoprecipitation assay	21803131	jaspar	No	hg19	chr1	184079646	184079666	-
TFLinkLT04263625	P10914	IRF1	Homo sapiens	chromatin immunoprecipitation assay	21803131	jaspar	No	hg19	chr10	123749963	123749983	+
TFLinkLT04263626	P10914	IRF1	Homo sapiens	chromatin immunoprecipitation assay	21803131	jaspar	No	hg19	chr19	49977468	49977488	+
TFLinkLT04263627	P10914	IRF1	Homo sapiens	chromatin immunoprecipitation assay	21803131	jaspar	No	hg19	chr19	42553365	42553385	-
TFLinkLT04263628	P10914	IRF1	Homo sapiens	chromatin immunoprecipitation assay	21803131	jaspar	No	hg19	chr6	33546516	33546536	+
TFLinkLT04263629	P10914	IRF1	Homo sapiens	chromatin immunoprecipitation assay	21803131	jaspar	No	hg19	chr9	93970504	93970524	-
TFLinkLT04263630	P10914	IRF1	Homo sapiens	chromatin immunoprecipitation assay	21803131	jaspar	No	hg19	chr17	77707048	77707068	-
TFLinkLT04263631	P10914	IRF1	Homo sapiens	chromatin immunoprecipitation assay	21803131	jaspar	No	hg19	chr4	111040812	111040832	+
TFLinkLT04263632	P10914	IRF1	Homo sapiens	chromatin immunoprecipitation assay	21803131	jaspar	No	hg19	chr8	42213254	42213274	+
TFLinkLT04263633	P10914	IRF1	Homo sapiens	chromatin immunoprecipitation assay	21803131	jaspar	No	hg19	chr6	168241731	168241751	-
TFLinkLT04263634	P10914	IRF1	Homo sapiens	chromatin immunoprecipitation assay	21803131	jaspar	No	hg19	chr2	64510955	64510975	+
TFLinkLT04263635	P10914	IRF1	Homo sapiens	chromatin immunoprecipitation assay	21803131	jaspar	No	hg19	chr14	101315939	101315959	-
TFLinkLT04263636	P10914	IRF1	Homo sapiens	chromatin immunoprecipitation assay	21803131	jaspar	No	hg19	chr9	33025787	33025807	+
TFLinkLT04263637	P10914	IRF1	Homo sapiens	chromatin immunoprecipitation assay	21803131	jaspar	No	hg19	chr21	30543465	30543485	+
TFLinkLT04263638	P10914	IRF1	Homo sapiens	chromatin immunoprecipitation assay	21803131	jaspar	No	hg19	chr1	235500413	235500433	+
TFLinkLT04263639	P10914	IRF1	Homo sapiens	chromatin immunoprecipitation assay	21803131	jaspar	No	hg19	chr4	8437443	8437463	-
TFLinkLT04263640	P10914	IRF1	Homo sapiens	chromatin immunoprecipitation assay	21803131	jaspar	No	hg19	chr2	159172723	159172743	-
TFLinkLT04263641	P10914	IRF1	Homo sapiens	chromatin immunoprecipitation assay	21803131	jaspar	No	hg19	chr15	39771386	39771406	+
TFLinkLT04263642	P10914	IRF1	Homo sapiens	chromatin immunoprecipitation assay	21803131	jaspar	No	hg19	chr15	39771450	39771470	-
TFLinkLT04263643	P10914	IRF1	Homo sapiens	chromatin immunoprecipitation assay	21803131	jaspar	No	hg19	chr3	168714578	168714598	-
TFLinkLT04263644	P10914	IRF1	Homo sapiens	chromatin immunoprecipitation assay	21803131	jaspar	No	hg19	chr15	96422815	96422835	+
TFLinkLT04263645	P10914	IRF1	Homo sapiens	chromatin immunoprecipitation assay	21803131	jaspar	No	hg19	chr16	53986518	53986538	-
TFLinkLT04263646	P10914	IRF1	Homo sapiens	chromatin immunoprecipitation assay	21803131	jaspar	No	hg19	chr15	68406887	68406907	+
TFLinkLT04263647	P10914	IRF1	Homo sapiens	chromatin immunoprecipitation assay	21803131	jaspar	No	hg19	chr11	46582415	46582435	-
TFLinkLT04263648	P10914	IRF1	Homo sapiens	chromatin immunoprecipitation assay	21803131	jaspar	No	hg19	chr1	113211487	113211507	-
TFLinkLT04263649	P10914	IRF1	Homo sapiens	chromatin immunoprecipitation assay	21803131	jaspar	No	hg19	chr4	169239941	169239961	+
TFLinkLT04263650	P10914	IRF1	Homo sapiens	chromatin immunoprecipitation assay	21803131	jaspar	No	hg19	chr4	169239976	169239996	+
TFLinkLT04263651	P10914	IRF1	Homo sapiens	chromatin immunoprecipitation assay	21803131	jaspar	No	hg19	chr1	29216918	29216938	+
TFLinkLT04263652	P10914	IRF1	Homo sapiens	chromatin immunoprecipitation assay	21803131	jaspar	No	hg19	chrX	154209240	154209260	-
TFLinkLT04263653	P10914	IRF1	Homo sapiens	chromatin immunoprecipitation assay	21803131	jaspar	No	hg19	chr13	33105030	33105050	-
TFLinkLT04263654	P10914	IRF1	Homo sapiens	chromatin immunoprecipitation assay	21803131	jaspar	No	hg19	chr13	33105071	33105091	+
TFLinkLT04263655	P10914	IRF1	Homo sapiens	chromatin immunoprecipitation assay	21803131	jaspar	No	hg19	chr5	71801499	71801519	-
TFLinkLT04263656	P10914	IRF1	Homo sapiens	chromatin immunoprecipitation assay	21803131	jaspar	No	hg19	chr11	11546078	11546098	+
TFLinkLT04263657	P10914	IRF1	Homo sapiens	chromatin immunoprecipitation assay	21803131	jaspar	No	hg19	chr3	133160999	133161019	+
TFLinkLT04263658	P10914	IRF1	Homo sapiens	chromatin immunoprecipitation assay	21803131	jaspar	No	hg19	chr6	105937149	105937169	+
TFLinkLT04263659	P10914	IRF1	Homo sapiens	chromatin immunoprecipitation assay	21803131	jaspar	No	hg19	chr2	178154717	178154737	-
TFLinkLT04263660	P10914	IRF1	Homo sapiens	chromatin immunoprecipitation assay	21803131	jaspar	No	hg19	chr7	110879041	110879061	+
TFLinkLT04263661	P10914	IRF1	Homo sapiens	chromatin immunoprecipitation assay	21803131	jaspar	No	hg19	chr19	55304409	55304429	+
TFLinkLT04263662	P10914	IRF1	Homo sapiens	chromatin immunoprecipitation assay	21803131	jaspar	No	hg19	chr14	67955440	67955460	-
TFLinkLT04263663	P10914	IRF1	Homo sapiens	chromatin immunoprecipitation assay	21803131	jaspar	No	hg19	chr1	9135171	9135191	-
TFLinkLT04263664	P10914	IRF1	Homo sapiens	chromatin immunoprecipitation assay	21803131	jaspar	No	hg19	chr1	9135229	9135249	-
TFLinkLT04263665	P10914	IRF1	Homo sapiens	chromatin immunoprecipitation assay	21803131	jaspar	No	hg19	chr7	150104197	150104217	-
TFLinkLT04263666	P10914	IRF1	Homo sapiens	chromatin immunoprecipitation assay	21803131	jaspar	No	hg19	chr2	170221785	170221805	-
TFLinkLT04263667	P10914	IRF1	Homo sapiens	chromatin immunoprecipitation assay	21803131	jaspar	No	hg19	chr10	28467429	28467449	-
TFLinkLT04263668	P10914	IRF1	Homo sapiens	chromatin immunoprecipitation assay	21803131	jaspar	No	hg19	chr10	13599193	13599213	-
TFLinkLT04263669	P10914	IRF1	Homo sapiens	chromatin immunoprecipitation assay	21803131	jaspar	No	hg19	chr10	13599220	13599240	-
TFLinkLT04263670	P10914	IRF1	Homo sapiens	chromatin immunoprecipitation assay	21803131	jaspar	No	hg19	chr9	138195239	138195259	-
TFLinkLT04263671	P10914	IRF1	Homo sapiens	chromatin immunoprecipitation assay	21803131	jaspar	No	hg19	chr1	43948131	43948151	+
TFLinkLT04263672	P10914	IRF1	Homo sapiens	chromatin immunoprecipitation assay	21803131	jaspar	No	hg19	chr3	9494285	9494305	+
TFLinkLT04263673	P10914	IRF1	Homo sapiens	chromatin immunoprecipitation assay	21803131	jaspar	No	hg19	chr17	63037269	63037289	-
TFLinkLT04263674	P10914	IRF1	Homo sapiens	chromatin immunoprecipitation assay	21803131	jaspar	No	hg19	chr3	142911212	142911232	+
TFLinkLT04263675	P10914	IRF1	Homo sapiens	chromatin immunoprecipitation assay	21803131	jaspar	No	hg19	chr6	108902745	108902765	+
TFLinkLT04263676	P10914	IRF1	Homo sapiens	chromatin immunoprecipitation assay	21803131	jaspar	No	hg19	chr6	154551077	154551097	-
TFLinkLT04263677	P10914	IRF1	Homo sapiens	chromatin immunoprecipitation assay	21803131	jaspar	No	hg19	chr2	152495260	152495280	-
TFLinkLT04263678	P10914	IRF1	Homo sapiens	chromatin immunoprecipitation assay	21803131	jaspar	No	hg19	chr1	241989037	241989057	-
TFLinkLT04263679	P10914	IRF1	Homo sapiens	chromatin immunoprecipitation assay	21803131	jaspar	No	hg19	chrX	40504149	40504169	-
TFLinkLT04263680	P10914	IRF1	Homo sapiens	chromatin immunoprecipitation assay	21803131	jaspar	No	hg19	chr17	46662971	46662991	+
TFLinkLT04263681	P10914	IRF1	Homo sapiens	chromatin immunoprecipitation assay	21803131	jaspar	No	hg19	chr7	12297469	12297489	-
TFLinkLT04263682	P10914	IRF1	Homo sapiens	chromatin immunoprecipitation assay	21803131	jaspar	No	hg19	chr6	26440623	26440643	+
TFLinkLT04263683	P10914	IRF1	Homo sapiens	chromatin immunoprecipitation assay	21803131	jaspar	No	hg19	chr8	90996290	90996310	-
TFLinkLT04263684	P10914	IRF1	Homo sapiens	chromatin immunoprecipitation assay	21803131	jaspar	No	hg19	chr16	56643621	56643641	+
TFLinkLT04263685	P10914	IRF1	Homo sapiens	chromatin immunoprecipitation assay	21803131	jaspar	No	hg19	chr11	65695701	65695721	+
TFLinkLT04263686	P10914	IRF1	Homo sapiens	chromatin immunoprecipitation assay	21803131	jaspar	No	hg19	chr11	65695737	65695757	+
TFLinkLT04263687	P10914	IRF1	Homo sapiens	chromatin immunoprecipitation assay	21803131	jaspar	No	hg19	chr10	75677065	75677085	+
TFLinkLT04263688	P10914	IRF1	Homo sapiens	chromatin immunoprecipitation assay	21803131	jaspar	No	hg19	chr4	109968198	109968218	-
TFLinkLT04263689	P10914	IRF1	Homo sapiens	chromatin immunoprecipitation assay	21803131	jaspar	No	hg19	chr20	42282726	42282746	+
TFLinkLT04263690	P10914	IRF1	Homo sapiens	chromatin immunoprecipitation assay	21803131	jaspar	No	hg19	chr6	68792159	68792179	+
TFLinkLT04263691	P10914	IRF1	Homo sapiens	chromatin immunoprecipitation assay	21803131	jaspar	No	hg19	chr1	191975371	191975391	+
TFLinkLT04263692	P10914	IRF1	Homo sapiens	chromatin immunoprecipitation assay	21803131	jaspar	No	hg19	chr19	18197802	18197822	-
TFLinkLT04263693	P10914	IRF1	Homo sapiens	chromatin immunoprecipitation assay	21803131	jaspar	No	hg19	chr10	90844291	90844311	+
TFLinkLT04263694	P10914	IRF1	Homo sapiens	chromatin immunoprecipitation assay	21803131	jaspar	No	hg19	chr10	90844332	90844352	-
TFLinkLT04263695	P10914	IRF1	Homo sapiens	chromatin immunoprecipitation assay	21803131	jaspar	No	hg19	chr6	28835989	28836009	-
TFLinkLT04263696	P10914	IRF1	Homo sapiens	chromatin immunoprecipitation assay	21803131	jaspar	No	hg19	chrX	120281463	120281483	+
TFLinkLT04263697	P10914	IRF1	Homo sapiens	chromatin immunoprecipitation assay	21803131	jaspar	No	hg19	chr6	91730735	91730755	+
TFLinkLT04263698	P10914	IRF1	Homo sapiens	chromatin immunoprecipitation assay	21803131	jaspar	No	hg19	chr3	148692687	148692707	+
TFLinkLT04263699	P10914	IRF1	Homo sapiens	chromatin immunoprecipitation assay	21803131	jaspar	No	hg19	chr3	148692724	148692744	+
TFLinkLT04263700	P10914	IRF1	Homo sapiens	chromatin immunoprecipitation assay	21803131	jaspar	No	hg19	chr6	32806559	32806579	+
TFLinkLT04263701	P10914	IRF1	Homo sapiens	chromatin immunoprecipitation assay	21803131	jaspar	No	hg19	chr7	139762747	139762767	-
TFLinkLT04263702	P10914	IRF1	Homo sapiens	chromatin immunoprecipitation assay	21803131	jaspar	No	hg19	chr4	169401678	169401698	+
TFLinkLT04263703	P10914	IRF1	Homo sapiens	chromatin immunoprecipitation assay	21803131	jaspar	No	hg19	chr1	212112209	212112229	-
TFLinkLT04263704	P10914	IRF1	Homo sapiens	chromatin immunoprecipitation assay	21803131	jaspar	No	hg19	chr1	42995515	42995535	+
TFLinkLT04263705	P10914	IRF1	Homo sapiens	chromatin immunoprecipitation assay	21803131	jaspar	No	hg19	chr1	11791892	11791912	+
TFLinkLT04263706	P10914	IRF1	Homo sapiens	chromatin immunoprecipitation assay	21803131	jaspar	No	hg19	chr11	117872578	117872598	-
TFLinkLT04263707	P10914	IRF1	Homo sapiens	chromatin immunoprecipitation assay	21803131	jaspar	No	hg19	chr15	36693946	36693966	-
TFLinkLT04263708	P10914	IRF1	Homo sapiens	chromatin immunoprecipitation assay	21803131	jaspar	No	hg19	chr9	108147820	108147840	+
TFLinkLT04263709	P10914	IRF1	Homo sapiens	chromatin immunoprecipitation assay	21803131	jaspar	No	hg19	chr1	114285351	114285371	-
TFLinkLT04263710	P10914	IRF1	Homo sapiens	chromatin immunoprecipitation assay	21803131	jaspar	No	hg19	chr17	46918900	46918920	-
TFLinkLT04263711	P10914	IRF1	Homo sapiens	chromatin immunoprecipitation assay	21803131	jaspar	No	hg19	chr11	66636947	66636967	+
TFLinkLT04263712	P10914	IRF1	Homo sapiens	chromatin immunoprecipitation assay	21803131	jaspar	No	hg19	chr10	5856022	5856042	-
TFLinkLT04263713	P10914	IRF1	Homo sapiens	chromatin immunoprecipitation assay	21803131	jaspar	No	hg19	chr7	105652813	105652833	-
TFLinkLT04263714	P10914	IRF1	Homo sapiens	chromatin immunoprecipitation assay	21803131	jaspar	No	hg19	chrX	106362139	106362159	-
TFLinkLT04263715	P10914	IRF1	Homo sapiens	chromatin immunoprecipitation assay	21803131	jaspar	No	hg19	chr12	121829679	121829699	+
TFLinkLT04263716	P10914	IRF1	Homo sapiens	chromatin immunoprecipitation assay	21803131	jaspar	No	hg19	chr5	139418449	139418469	+
TFLinkLT04263717	P10914	IRF1	Homo sapiens	chromatin immunoprecipitation assay	21803131	jaspar	No	hg19	chr17	33868256	33868276	-
TFLinkLT04263718	P10914	IRF1	Homo sapiens	chromatin immunoprecipitation assay	21803131	jaspar	No	hg19	chr18	60173650	60173670	+
TFLinkLT04263719	P10914	IRF1	Homo sapiens	chromatin immunoprecipitation assay	21803131	jaspar	No	hg19	chr6	36354336	36354356	-
TFLinkLT04263720	P10914	IRF1	Homo sapiens	chromatin immunoprecipitation assay	21803131	jaspar	No	hg19	chr3	141405744	141405764	-
TFLinkLT04263721	P10914	IRF1	Homo sapiens	chromatin immunoprecipitation assay	21803131	jaspar	No	hg19	chr10	6516060	6516080	-
TFLinkLT04263722	P10914	IRF1	Homo sapiens	chromatin immunoprecipitation assay	21803131	jaspar	No	hg19	chr2	201248656	201248676	-
TFLinkLT04263723	P10914	IRF1	Homo sapiens	chromatin immunoprecipitation assay	21803131	jaspar	No	hg19	chr11	32017506	32017526	+
TFLinkLT04263724	P10914	IRF1	Homo sapiens	chromatin immunoprecipitation assay	21803131	jaspar	No	hg19	chr11	63302586	63302606	-
TFLinkLT04263725	P10914	IRF1	Homo sapiens	chromatin immunoprecipitation assay	21803131	jaspar	No	hg19	chr10	115439641	115439661	+
TFLinkLT04263726	P10914	IRF1	Homo sapiens	chromatin immunoprecipitation assay	21803131	jaspar	No	hg19	chrX	133472740	133472760	+
TFLinkLT04263727	P10914	IRF1	Homo sapiens	chromatin immunoprecipitation assay	21803131	jaspar	No	hg19	chr7	103452568	103452588	+
TFLinkLT04263728	P10914	IRF1	Homo sapiens	chromatin immunoprecipitation assay	21803131	jaspar	No	hg19	chr5	150233334	150233354	+
TFLinkLT04263729	P10914	IRF1	Homo sapiens	chromatin immunoprecipitation assay	21803131	jaspar	No	hg19	chr5	73872827	73872847	-
TFLinkLT04263730	P10914	IRF1	Homo sapiens	chromatin immunoprecipitation assay	21803131	jaspar	No	hg19	chr9	5608971	5608991	+
TFLinkLT04263731	P10914	IRF1	Homo sapiens	chromatin immunoprecipitation assay	21803131	jaspar	No	hg19	chr5	77102451	77102471	+
TFLinkLT04263732	P10914	IRF1	Homo sapiens	chromatin immunoprecipitation assay	21803131	jaspar	No	hg19	chr1	95349354	95349374	+
TFLinkLT04263733	P10914	IRF1	Homo sapiens	chromatin immunoprecipitation assay	21803131	jaspar	No	hg19	chr2	176591039	176591059	+
TFLinkLT04263734	P10914	IRF1	Homo sapiens	chromatin immunoprecipitation assay	21803131	jaspar	No	hg19	chr2	71204374	71204394	-
TFLinkLT04263735	P10914	IRF1	Homo sapiens	chromatin immunoprecipitation assay	21803131	jaspar	No	hg19	chr7	92347440	92347460	-
TFLinkLT04263736	P10914	IRF1	Homo sapiens	chromatin immunoprecipitation assay	21803131	jaspar	No	hg19	chr6	30845607	30845627	+
TFLinkLT04263737	P10914	IRF1	Homo sapiens	chromatin immunoprecipitation assay	21803131	jaspar	No	hg19	chr14	91580968	91580988	-
TFLinkLT04263738	P10914	IRF1	Homo sapiens	chromatin immunoprecipitation assay	21803131	jaspar	No	hg19	chr16	11350153	11350173	+
TFLinkLT04263739	P10914	IRF1	Homo sapiens	chromatin immunoprecipitation assay	21803131	jaspar	No	hg19	chr12	4252189	4252209	-
TFLinkLT04263740	P10914	IRF1	Homo sapiens	chromatin immunoprecipitation assay	21803131	jaspar	No	hg19	chr10	17549288	17549308	+
TFLinkLT04263741	P10914	IRF1	Homo sapiens	chromatin immunoprecipitation assay	21803131	jaspar	No	hg19	chr19	47106579	47106599	+
TFLinkLT04263742	P10914	IRF1	Homo sapiens	chromatin immunoprecipitation assay	21803131	jaspar	No	hg19	chr2	202098177	202098197	+
TFLinkLT04263743	P10914	IRF1	Homo sapiens	chromatin immunoprecipitation assay	21803131	jaspar	No	hg19	chr3	156201394	156201414	+
TFLinkLT04263744	P10914	IRF1	Homo sapiens	chromatin immunoprecipitation assay	21803131	jaspar	No	hg19	chr3	156201416	156201436	+
TFLinkLT04263745	P10914	IRF1	Homo sapiens	chromatin immunoprecipitation assay	21803131	jaspar	No	hg19	chr5	169675876	169675896	+
TFLinkLT04263746	P10914	IRF1	Homo sapiens	chromatin immunoprecipitation assay	21803131	jaspar	No	hg19	chr7	150382783	150382803	+
TFLinkLT04263747	P10914	IRF1	Homo sapiens	chromatin immunoprecipitation assay	21803131	jaspar	No	hg19	chr5	130172492	130172512	+
TFLinkLT04263748	P10914	IRF1	Homo sapiens	chromatin immunoprecipitation assay	21803131	jaspar	No	hg19	chr15	58921052	58921072	+
TFLinkLT04263749	P10914	IRF1	Homo sapiens	chromatin immunoprecipitation assay	21803131	jaspar	No	hg19	chr2	113438377	113438397	-
TFLinkLT04263750	P10914	IRF1	Homo sapiens	chromatin immunoprecipitation assay	21803131	jaspar	No	hg19	chr4	139935553	139935573	-
TFLinkLT04263751	P10914	IRF1	Homo sapiens	chromatin immunoprecipitation assay	21803131	jaspar	No	hg19	chr2	48372647	48372667	-
TFLinkLT04263752	P10914	IRF1	Homo sapiens	chromatin immunoprecipitation assay	21803131	jaspar	No	hg19	chr18	32609875	32609895	-
TFLinkLT04263753	P10914	IRF1	Homo sapiens	chromatin immunoprecipitation assay	21803131	jaspar	No	hg19	chr1	156901507	156901527	+
TFLinkLT04263754	P10914	IRF1	Homo sapiens	chromatin immunoprecipitation assay	21803131	jaspar	No	hg19	chr1	7938861	7938881	-
TFLinkLT04263755	P10914	IRF1	Homo sapiens	chromatin immunoprecipitation assay	21803131	jaspar	No	hg19	chr1	7938898	7938918	-
TFLinkLT04263756	P10914	IRF1	Homo sapiens	chromatin immunoprecipitation assay	21803131	jaspar	No	hg19	chr10	63246825	63246845	+
TFLinkLT04263757	P10914	IRF1	Homo sapiens	chromatin immunoprecipitation assay	21803131	jaspar	No	hg19	chr6	21165390	21165410	+
TFLinkLT04263758	P10914	IRF1	Homo sapiens	chromatin immunoprecipitation assay	21803131	jaspar	No	hg19	chr11	46402332	46402352	-
TFLinkLT04263759	P10914	IRF1	Homo sapiens	chromatin immunoprecipitation assay	21803131	jaspar	No	hg19	chr1	182558032	182558052	+
TFLinkLT04263760	P10914	IRF1	Homo sapiens	chromatin immunoprecipitation assay	21803131	jaspar	No	hg19	chr3	193550100	193550120	+
TFLinkLT04263761	P10914	IRF1	Homo sapiens	chromatin immunoprecipitation assay	21803131	jaspar	No	hg19	chr5	176727450	176727470	+
TFLinkLT04263762	P10914	IRF1	Homo sapiens	chromatin immunoprecipitation assay	21803131	jaspar	No	hg19	chr2	85812976	85812996	+
TFLinkLT04263763	P10914	IRF1	Homo sapiens	chromatin immunoprecipitation assay	21803131	jaspar	No	hg19	chr21	37451432	37451452	-
TFLinkLT04263764	P10914	IRF1	Homo sapiens	chromatin immunoprecipitation assay	21803131	jaspar	No	hg19	chr2	45795150	45795170	-
TFLinkLT04263765	P10914	IRF1	Homo sapiens	chromatin immunoprecipitation assay	21803131	jaspar	No	hg19	chr22	22524675	22524695	-
TFLinkLT04263766	P10914	IRF1	Homo sapiens	chromatin immunoprecipitation assay	21803131	jaspar	No	hg19	chr12	68856816	68856836	+
TFLinkLT04263767	P10914	IRF1	Homo sapiens	chromatin immunoprecipitation assay	21803131	jaspar	No	hg19	chr2	177796819	177796839	-
TFLinkLT04263768	P10914	IRF1	Homo sapiens	chromatin immunoprecipitation assay	21803131	jaspar	No	hg19	chr5	134649411	134649431	+
TFLinkLT04263769	P10914	IRF1	Homo sapiens	chromatin immunoprecipitation assay	21803131	jaspar	No	hg19	chr22	22949174	22949194	-
TFLinkLT04263770	P10914	IRF1	Homo sapiens	chromatin immunoprecipitation assay	21803131	jaspar	No	hg19	chr3	107807801	107807821	-
TFLinkLT04263771	P10914	IRF1	Homo sapiens	chromatin immunoprecipitation assay	21803131	jaspar	No	hg19	chr12	53602889	53602909	+
TFLinkLT04263772	P10914	IRF1	Homo sapiens	chromatin immunoprecipitation assay	21803131	jaspar	No	hg19	chr1	160738211	160738231	-
TFLinkLT04263773	P10914	IRF1	Homo sapiens	chromatin immunoprecipitation assay	21803131	jaspar	No	hg19	chr1	53207123	53207143	+
TFLinkLT04263774	P10914	IRF1	Homo sapiens	chromatin immunoprecipitation assay	21803131	jaspar	No	hg19	chr2	220252356	220252376	+
TFLinkLT04263775	P10914	IRF1	Homo sapiens	chromatin immunoprecipitation assay	21803131	jaspar	No	hg19	chr9	14992211	14992231	-
TFLinkLT04263776	P10914	IRF1	Homo sapiens	chromatin immunoprecipitation assay	21803131	jaspar	No	hg19	chr7	149019400	149019420	+
TFLinkLT04263777	P10914	IRF1	Homo sapiens	chromatin immunoprecipitation assay	21803131	jaspar	No	hg19	chr4	4526220	4526240	-
TFLinkLT04263778	P10914	IRF1	Homo sapiens	chromatin immunoprecipitation assay	21803131	jaspar	No	hg19	chr8	117396795	117396815	-
TFLinkLT04263779	P10914	IRF1	Homo sapiens	chromatin immunoprecipitation assay	21803131	jaspar	No	hg19	chr20	31269520	31269540	+
TFLinkLT04263780	P10914	IRF1	Homo sapiens	chromatin immunoprecipitation assay	21803131	jaspar	No	hg19	chr22	40672750	40672770	-
TFLinkLT04263781	P10914	IRF1	Homo sapiens	chromatin immunoprecipitation assay	21803131	jaspar	No	hg19	chr8	73020481	73020501	+
TFLinkLT04263782	P10914	IRF1	Homo sapiens	chromatin immunoprecipitation assay	21803131	jaspar	No	hg19	chr2	58233919	58233939	-
TFLinkLT04263783	P10914	IRF1	Homo sapiens	chromatin immunoprecipitation assay	21803131	jaspar	No	hg19	chr1	213240784	213240804	+
TFLinkLT04263784	P10914	IRF1	Homo sapiens	chromatin immunoprecipitation assay	21803131	jaspar	No	hg19	chr2	240210865	240210885	-
TFLinkLT04263785	P10914	IRF1	Homo sapiens	chromatin immunoprecipitation assay	21803131	jaspar	No	hg19	chr3	108537292	108537312	+
TFLinkLT04263786	P10914	IRF1	Homo sapiens	chromatin immunoprecipitation assay	21803131	jaspar	No	hg19	chr8	103299730	103299750	+
TFLinkLT04263787	P10914	IRF1	Homo sapiens	chromatin immunoprecipitation assay	21803131	jaspar	No	hg19	chr3	36949617	36949637	+
TFLinkLT04263788	P10914	IRF1	Homo sapiens	chromatin immunoprecipitation assay	21803131	jaspar	No	hg19	chr1	154580659	154580679	+
TFLinkLT04263789	P10914	IRF1	Homo sapiens	chromatin immunoprecipitation assay	21803131	jaspar	No	hg19	chr20	47894639	47894659	+
TFLinkLT04263790	P10914	IRF1	Homo sapiens	chromatin immunoprecipitation assay	21803131	jaspar	No	hg19	chr6	87392986	87393006	-
TFLinkLT04263791	P10914	IRF1	Homo sapiens	chromatin immunoprecipitation assay	21803131	jaspar	No	hg19	chr8	71126863	71126883	-
TFLinkLT04263792	P10914	IRF1	Homo sapiens	chromatin immunoprecipitation assay	21803131	jaspar	No	hg19	chr1	212769831	212769851	-
TFLinkLT04263793	P10914	IRF1	Homo sapiens	chromatin immunoprecipitation assay	21803131	jaspar	No	hg19	chr1	212769869	212769889	+
TFLinkLT04263794	P10914	IRF1	Homo sapiens	chromatin immunoprecipitation assay	21803131	jaspar	No	hg19	chr6	27343630	27343650	-
TFLinkLT04263795	P10914	IRF1	Homo sapiens	chromatin immunoprecipitation assay	21803131	jaspar	No	hg19	chr10	94698764	94698784	-
TFLinkLT04263796	P10914	IRF1	Homo sapiens	chromatin immunoprecipitation assay	21803131	jaspar	No	hg19	chr7	33079369	33079389	-
TFLinkLT04263797	P10914	IRF1	Homo sapiens	chromatin immunoprecipitation assay	21803131	jaspar	No	hg19	chr1	156833111	156833131	+
TFLinkLT04263798	P10914	IRF1	Homo sapiens	chromatin immunoprecipitation assay	21803131	jaspar	No	hg19	chr3	156514079	156514099	-
TFLinkLT04263799	P10914	IRF1	Homo sapiens	chromatin immunoprecipitation assay	21803131	jaspar	No	hg19	chr12	112568273	112568293	-
TFLinkLT04263800	P10914	IRF1	Homo sapiens	chromatin immunoprecipitation assay	21803131	jaspar	No	hg19	chr5	89908911	89908931	+
TFLinkLT04263801	P10914	IRF1	Homo sapiens	chromatin immunoprecipitation assay	21803131	jaspar	No	hg19	chr5	79096951	79096971	+
TFLinkLT04263802	P10914	IRF1	Homo sapiens	chromatin immunoprecipitation assay	21803131	jaspar	No	hg19	chr20	913896	913916	-
TFLinkLT04263803	P10914	IRF1	Homo sapiens	chromatin immunoprecipitation assay	21803131	jaspar	No	hg19	chr5	7995441	7995461	-
TFLinkLT04263804	P10914	IRF1	Homo sapiens	chromatin immunoprecipitation assay	21803131	jaspar	No	hg19	chr3	194868353	194868373	-
TFLinkLT04263805	P10914	IRF1	Homo sapiens	chromatin immunoprecipitation assay	21803131	jaspar	No	hg19	chr7	22186945	22186965	-
TFLinkLT04263806	P10914	IRF1	Homo sapiens	chromatin immunoprecipitation assay	21803131	jaspar	No	hg19	chr17	38980899	38980919	-
TFLinkLT04263807	P10914	IRF1	Homo sapiens	chromatin immunoprecipitation assay	21803131	jaspar	No	hg19	chr20	5100926	5100946	-
TFLinkLT04263808	P10914	IRF1	Homo sapiens	chromatin immunoprecipitation assay	21803131	jaspar	No	hg19	chr21	35404527	35404547	+
TFLinkLT04263809	P10914	IRF1	Homo sapiens	chromatin immunoprecipitation assay	21803131	jaspar	No	hg19	chr17	77720054	77720074	-
TFLinkLT04263810	P10914	IRF1	Homo sapiens	chromatin immunoprecipitation assay	21803131	jaspar	No	hg19	chr12	46063117	46063137	+
TFLinkLT04263811	P10914	IRF1	Homo sapiens	chromatin immunoprecipitation assay	21803131	jaspar	No	hg19	chr5	53765772	53765792	+
TFLinkLT04263812	P10914	IRF1	Homo sapiens	chromatin immunoprecipitation assay	21803131	jaspar	No	hg19	chr1	207837526	207837546	+
TFLinkLT04263813	P10914	IRF1	Homo sapiens	chromatin immunoprecipitation assay	21803131	jaspar	No	hg19	chr21	37632951	37632971	+
TFLinkLT04263814	P10914	IRF1	Homo sapiens	chromatin immunoprecipitation assay	21803131	jaspar	No	hg19	chr21	37632996	37633016	+
TFLinkLT04263815	P10914	IRF1	Homo sapiens	chromatin immunoprecipitation assay	21803131	jaspar	No	hg19	chr17	26135191	26135211	+
TFLinkLT04263816	P10914	IRF1	Homo sapiens	chromatin immunoprecipitation assay	21803131	jaspar	No	hg19	chr7	137999004	137999024	+
TFLinkLT04263817	P10914	IRF1	Homo sapiens	chromatin immunoprecipitation assay	21803131	jaspar	No	hg19	chr6	28909308	28909328	-
TFLinkLT04263818	P10914	IRF1	Homo sapiens	chromatin immunoprecipitation assay	21803131	jaspar	No	hg19	chr5	143208371	143208391	-
TFLinkLT04263819	P10914	IRF1	Homo sapiens	chromatin immunoprecipitation assay	21803131	jaspar	No	hg19	chr6	130069650	130069670	+
TFLinkLT04263820	P10914	IRF1	Homo sapiens	chromatin immunoprecipitation assay	21803131	jaspar	No	hg19	chr6	130069695	130069715	+
TFLinkLT04263821	P10914	IRF1	Homo sapiens	chromatin immunoprecipitation assay	21803131	jaspar	No	hg19	chr11	58910353	58910373	+
TFLinkLT04263822	P10914	IRF1	Homo sapiens	chromatin immunoprecipitation assay	21803131	jaspar	No	hg19	chr11	94886463	94886483	-
TFLinkLT04263823	P10914	IRF1	Homo sapiens	chromatin immunoprecipitation assay	21803131	jaspar	No	hg19	chr6	2369954	2369974	-
TFLinkLT04263824	P10914	IRF1	Homo sapiens	chromatin immunoprecipitation assay	21803131	jaspar	No	hg19	chr11	35684289	35684309	-
TFLinkLT04263825	P10914	IRF1	Homo sapiens	chromatin immunoprecipitation assay	21803131	jaspar	No	hg19	chr2	39346499	39346519	-
TFLinkLT04263826	P10914	IRF1	Homo sapiens	chromatin immunoprecipitation assay	21803131	jaspar	No	hg19	chr1	100384971	100384991	+
TFLinkLT04263827	P10914	IRF1	Homo sapiens	chromatin immunoprecipitation assay	21803131	jaspar	No	hg19	chr16	22696348	22696368	+
TFLinkLT04263828	P10914	IRF1	Homo sapiens	chromatin immunoprecipitation assay	21803131	jaspar	No	hg19	chr7	116484349	116484369	-
TFLinkLT04263829	P10914	IRF1	Homo sapiens	chromatin immunoprecipitation assay	21803131	jaspar	No	hg19	chr6	158194620	158194640	-
TFLinkLT04263830	P10914	IRF1	Homo sapiens	chromatin immunoprecipitation assay	21803131	jaspar	No	hg19	chr3	154901994	154902014	+
TFLinkLT04263831	P10914	IRF1	Homo sapiens	chromatin immunoprecipitation assay	21803131	jaspar	No	hg19	chr3	122399652	122399672	-
TFLinkLT04263832	P10914	IRF1	Homo sapiens	chromatin immunoprecipitation assay	21803131	jaspar	No	hg19	chr6	26365321	26365341	+
TFLinkLT04263833	P10914	IRF1	Homo sapiens	chromatin immunoprecipitation assay	21803131	jaspar	No	hg19	chr5	36419872	36419892	+
TFLinkLT04263834	P10914	IRF1	Homo sapiens	chromatin immunoprecipitation assay	21803131	jaspar	No	hg19	chr6	110555364	110555384	-
TFLinkLT04263835	P10914	IRF1	Homo sapiens	chromatin immunoprecipitation assay	21803131	jaspar	No	hg19	chr6	26402388	26402408	+
TFLinkLT04263836	P10914	IRF1	Homo sapiens	chromatin immunoprecipitation assay	21803131	jaspar	No	hg19	chr1	234536700	234536720	-
TFLinkLT04263837	P10914	IRF1	Homo sapiens	chromatin immunoprecipitation assay	21803131	jaspar	No	hg19	chr2	201239001	201239021	+
TFLinkLT04263838	P10914	IRF1	Homo sapiens	chromatin immunoprecipitation assay	21803131	jaspar	No	hg19	chr2	231191815	231191835	+
TFLinkLT04263839	P10914	IRF1	Homo sapiens	chromatin immunoprecipitation assay	21803131	jaspar	No	hg19	chr15	42302926	42302946	+
TFLinkLT04263840	P10914	IRF1	Homo sapiens	chromatin immunoprecipitation assay	21803131	jaspar	No	hg19	chr10	5851681	5851701	-
TFLinkLT04263841	P10914	IRF1	Homo sapiens	chromatin immunoprecipitation assay	21803131	jaspar	No	hg19	chr10	13534960	13534980	-
TFLinkLT04263842	P10914	IRF1	Homo sapiens	chromatin immunoprecipitation assay	21803131	jaspar	No	hg19	chr10	72742328	72742348	-
TFLinkLT04263843	P10914	IRF1	Homo sapiens	chromatin immunoprecipitation assay	21803131	jaspar	No	hg19	chr16	84627849	84627869	-
TFLinkLT04263844	P10914	IRF1	Homo sapiens	chromatin immunoprecipitation assay	21803131	jaspar	No	hg19	chr16	68799014	68799034	+
TFLinkLT04263845	P10914	IRF1	Homo sapiens	chromatin immunoprecipitation assay	21803131	jaspar	No	hg19	chr7	16473405	16473425	+
TFLinkLT04263846	P10914	IRF1	Homo sapiens	chromatin immunoprecipitation assay	21803131	jaspar	No	hg19	chr5	131746576	131746596	+
TFLinkLT04263847	P10914	IRF1	Homo sapiens	chromatin immunoprecipitation assay	21803131	jaspar	No	hg19	chr5	131746610	131746630	-
TFLinkLT04263848	P10914	IRF1	Homo sapiens	chromatin immunoprecipitation assay	21803131	jaspar	No	hg19	chr22	18632821	18632841	+
TFLinkLT04263849	P10914	IRF1	Homo sapiens	chromatin immunoprecipitation assay	21803131	jaspar	No	hg19	chr2	163175200	163175220	+
TFLinkLT04263850	P10914	IRF1	Homo sapiens	chromatin immunoprecipitation assay	21803131	jaspar	No	hg19	chr2	68965006	68965026	-
TFLinkLT04263851	P10914	IRF1	Homo sapiens	chromatin immunoprecipitation assay	21803131	jaspar	No	hg19	chr6	106440350	106440370	-
TFLinkLT04263852	P10914	IRF1	Homo sapiens	chromatin immunoprecipitation assay	21803131	jaspar	No	hg19	chr6	106440391	106440411	-
TFLinkLT04263853	P10914	IRF1	Homo sapiens	chromatin immunoprecipitation assay	21803131	jaspar	No	hg19	chr6	36139559	36139579	+
TFLinkLT04263854	P10914	IRF1	Homo sapiens	chromatin immunoprecipitation assay	21803131	jaspar	No	hg19	chr3	36953937	36953957	+
TFLinkLT04263855	P10914	IRF1	Homo sapiens	chromatin immunoprecipitation assay	21803131	jaspar	No	hg19	chr19	49702948	49702968	+
TFLinkLT04263856	P10914	IRF1	Homo sapiens	chromatin immunoprecipitation assay	21803131	jaspar	No	hg19	chr6	49946462	49946482	+
TFLinkLT04263857	P10914	IRF1	Homo sapiens	chromatin immunoprecipitation assay	21803131	jaspar	No	hg19	chr17	74835909	74835929	+
TFLinkLT04263858	P10914	IRF1	Homo sapiens	chromatin immunoprecipitation assay	21803131	jaspar	No	hg19	chr9	79018462	79018482	-
TFLinkLT04263859	P10914	IRF1	Homo sapiens	chromatin immunoprecipitation assay	21803131	jaspar	No	hg19	chr4	120965181	120965201	-
TFLinkLT04263860	P10914	IRF1	Homo sapiens	chromatin immunoprecipitation assay	21803131	jaspar	No	hg19	chr11	125359245	125359265	-
TFLinkLT04263861	P10914	IRF1	Homo sapiens	chromatin immunoprecipitation assay	21803131	jaspar	No	hg19	chrX	146993453	146993473	+
TFLinkLT04263862	P10914	IRF1	Homo sapiens	chromatin immunoprecipitation assay	21803131	jaspar	No	hg19	chr16	18033095	18033115	+
TFLinkLT04263863	P10914	IRF1	Homo sapiens	chromatin immunoprecipitation assay	21803131	jaspar	No	hg19	chr9	102972476	102972496	+
TFLinkLT04263864	P10914	IRF1	Homo sapiens	chromatin immunoprecipitation assay	21803131	jaspar	No	hg19	chr15	70820735	70820755	-
TFLinkLT04263865	P10914	IRF1	Homo sapiens	chromatin immunoprecipitation assay	21803131	jaspar	No	hg19	chr12	42492064	42492084	-
TFLinkLT04263866	P10914	IRF1	Homo sapiens	chromatin immunoprecipitation assay	21803131	jaspar	No	hg19	chr4	8539113	8539133	-
TFLinkLT04263867	P10914	IRF1	Homo sapiens	chromatin immunoprecipitation assay	21803131	jaspar	No	hg19	chr20	5743307	5743327	-
TFLinkLT04263868	P10914	IRF1	Homo sapiens	chromatin immunoprecipitation assay	21803131	jaspar	No	hg19	chrX	119020322	119020342	+
TFLinkLT04263869	P10914	IRF1	Homo sapiens	chromatin immunoprecipitation assay	21803131	jaspar	No	hg19	chr15	63367928	63367948	-
TFLinkLT04263870	P10914	IRF1	Homo sapiens	chromatin immunoprecipitation assay	21803131	jaspar	No	hg19	chr6	11233070	11233090	-
TFLinkLT04263871	P10914	IRF1	Homo sapiens	chromatin immunoprecipitation assay	21803131	jaspar	No	hg19	chr7	133347747	133347767	-
TFLinkLT04263872	P10914	IRF1	Homo sapiens	chromatin immunoprecipitation assay	21803131	jaspar	No	hg19	chrX	11516498	11516518	+
TFLinkLT04263873	P10914	IRF1	Homo sapiens	chromatin immunoprecipitation assay	21803131	jaspar	No	hg19	chr12	26135478	26135498	-
TFLinkLT04263874	P10914	IRF1	Homo sapiens	chromatin immunoprecipitation assay	21803131	jaspar	No	hg19	chr12	26135504	26135524	-
TFLinkLT04263875	P10914	IRF1	Homo sapiens	chromatin immunoprecipitation assay	21803131	jaspar	No	hg19	chr12	68634990	68635010	+
TFLinkLT04263876	P10914	IRF1	Homo sapiens	chromatin immunoprecipitation assay	21803131	jaspar	No	hg19	chr5	54834640	54834660	+
TFLinkLT04263877	P10914	IRF1	Homo sapiens	chromatin immunoprecipitation assay	21803131	jaspar	No	hg19	chr4	78656257	78656277	-
TFLinkLT04263878	P10914	IRF1	Homo sapiens	chromatin immunoprecipitation assay	21803131	jaspar	No	hg19	chr3	122283174	122283194	-
TFLinkLT04263879	P10914	IRF1	Homo sapiens	chromatin immunoprecipitation assay	21803131	jaspar	No	hg19	chr7	100728752	100728772	+
TFLinkLT04263880	P10914	IRF1	Homo sapiens	chromatin immunoprecipitation assay	21803131	jaspar	No	hg19	chr6	28697017	28697037	-
TFLinkLT04263881	P10914	IRF1	Homo sapiens	chromatin immunoprecipitation assay	21803131	jaspar	No	hg19	chr19	40048673	40048693	+
TFLinkLT04263882	P10914	IRF1	Homo sapiens	chromatin immunoprecipitation assay	21803131	jaspar	No	hg19	chr10	91087626	91087646	+
TFLinkLT04263883	P10914	IRF1	Homo sapiens	chromatin immunoprecipitation assay	21803131	jaspar	No	hg19	chr2	7017757	7017777	+
TFLinkLT04263884	P10914	IRF1	Homo sapiens	chromatin immunoprecipitation assay	21803131	jaspar	No	hg19	chr6	26494472	26494492	-
TFLinkLT04263885	P10914	IRF1	Homo sapiens	chromatin immunoprecipitation assay	21803131	jaspar	No	hg19	chr6	129981474	129981494	-
TFLinkLT04263886	P10914	IRF1	Homo sapiens	chromatin immunoprecipitation assay	21803131	jaspar	No	hg19	chr18	2641799	2641819	+
TFLinkLT04263887	P10914	IRF1	Homo sapiens	chromatin immunoprecipitation assay	21803131	jaspar	No	hg19	chr18	2641824	2641844	+
TFLinkLT04263888	P10914	IRF1	Homo sapiens	chromatin immunoprecipitation assay	21803131	jaspar	No	hg19	chr6	147208601	147208621	+
TFLinkLT04263889	P10914	IRF1	Homo sapiens	chromatin immunoprecipitation assay	21803131	jaspar	No	hg19	chr2	85116124	85116144	-
TFLinkLT04263890	P10914	IRF1	Homo sapiens	chromatin immunoprecipitation assay	21803131	jaspar	No	hg19	chr5	176541756	176541776	+
TFLinkLT04263891	P10914	IRF1	Homo sapiens	chromatin immunoprecipitation assay	21803131	jaspar	No	hg19	chr15	70433619	70433639	-
TFLinkLT04263892	P10914	IRF1	Homo sapiens	chromatin immunoprecipitation assay	21803131	jaspar	No	hg19	chr10	15126518	15126538	-
TFLinkLT04263893	P10914	IRF1	Homo sapiens	chromatin immunoprecipitation assay	21803131	jaspar	No	hg19	chr20	39676810	39676830	-
TFLinkLT04263894	P10914	IRF1	Homo sapiens	chromatin immunoprecipitation assay	21803131	jaspar	No	hg19	chr11	46237701	46237721	-
TFLinkLT04263895	P10914	IRF1	Homo sapiens	chromatin immunoprecipitation assay	21803131	jaspar	No	hg19	chr15	90519629	90519649	+
TFLinkLT04263896	P10914	IRF1	Homo sapiens	chromatin immunoprecipitation assay	21803131	jaspar	No	hg19	chr15	90519657	90519677	+
TFLinkLT04263897	P10914	IRF1	Homo sapiens	chromatin immunoprecipitation assay	21803131	jaspar	No	hg19	chr1	66767046	66767066	+
TFLinkLT04263898	P10914	IRF1	Homo sapiens	chromatin immunoprecipitation assay	21803131	jaspar	No	hg19	chr9	36471094	36471114	+
TFLinkLT04263899	P10914	IRF1	Homo sapiens	chromatin immunoprecipitation assay	21803131	jaspar	No	hg19	chr12	69891600	69891620	+
TFLinkLT04263900	P10914	IRF1	Homo sapiens	chromatin immunoprecipitation assay	21803131	jaspar	No	hg19	chr2	27043927	27043947	-
TFLinkLT04263901	P10914	IRF1	Homo sapiens	chromatin immunoprecipitation assay	21803131	jaspar	No	hg19	chr6	138278835	138278855	-
TFLinkLT04263902	P10914	IRF1	Homo sapiens	chromatin immunoprecipitation assay	21803131	jaspar	No	hg19	chr6	144053106	144053126	-
TFLinkLT04263903	P10914	IRF1	Homo sapiens	chromatin immunoprecipitation assay	21803131	jaspar	No	hg19	chr2	38981839	38981859	+
TFLinkLT04263904	P10914	IRF1	Homo sapiens	chromatin immunoprecipitation assay	21803131	jaspar	No	hg19	chr17	38074884	38074904	-
TFLinkLT04263905	P10914	IRF1	Homo sapiens	chromatin immunoprecipitation assay	21803131	jaspar	No	hg19	chr12	33741509	33741529	+
TFLinkLT04263906	P10914	IRF1	Homo sapiens	chromatin immunoprecipitation assay	21803131	jaspar	No	hg19	chr7	151047220	151047240	+
TFLinkLT04263907	P10914	IRF1	Homo sapiens	chromatin immunoprecipitation assay	21803131	jaspar	No	hg19	chr14	58711948	58711968	-
TFLinkLT04263908	P10914	IRF1	Homo sapiens	chromatin immunoprecipitation assay	21803131	jaspar	No	hg19	chr9	13665906	13665926	+
TFLinkLT04263909	P10914	IRF1	Homo sapiens	chromatin immunoprecipitation assay	21803131	jaspar	No	hg19	chr1	31960206	31960226	-
TFLinkLT04263910	P10914	IRF1	Homo sapiens	chromatin immunoprecipitation assay	21803131	jaspar	No	hg19	chr1	31960248	31960268	-
TFLinkLT04263911	P10914	IRF1	Homo sapiens	chromatin immunoprecipitation assay	21803131	jaspar	No	hg19	chr19	50676534	50676554	+
TFLinkLT04263912	P10914	IRF1	Homo sapiens	chromatin immunoprecipitation assay	21803131	jaspar	No	hg19	chr6	117016720	117016740	-
TFLinkLT04263913	P10914	IRF1	Homo sapiens	chromatin immunoprecipitation assay	21803131	jaspar	No	hg19	chr6	117016765	117016785	+
TFLinkLT04263914	P10914	IRF1	Homo sapiens	chromatin immunoprecipitation assay	21803131	jaspar	No	hg19	chr10	77532196	77532216	+
TFLinkLT04263915	P10914	IRF1	Homo sapiens	chromatin immunoprecipitation assay	21803131	jaspar	No	hg19	chr7	97889604	97889624	-
TFLinkLT04263916	P10914	IRF1	Homo sapiens	chromatin immunoprecipitation assay	21803131	jaspar	No	hg19	chr5	77173138	77173158	-
TFLinkLT04263917	P10914	IRF1	Homo sapiens	chromatin immunoprecipitation assay	21803131	jaspar	No	hg19	chr21	36920347	36920367	+
TFLinkLT04263918	P10914	IRF1	Homo sapiens	chromatin immunoprecipitation assay	21803131	jaspar	No	hg19	chr7	137795687	137795707	+
TFLinkLT04263919	P10914	IRF1	Homo sapiens	chromatin immunoprecipitation assay	21803131	jaspar	No	hg19	chr1	231189699	231189719	-
TFLinkLT04263920	P10914	IRF1	Homo sapiens	chromatin immunoprecipitation assay	21803131	jaspar	No	hg19	chr10	33240023	33240043	-
TFLinkLT04263921	P10914	IRF1	Homo sapiens	chromatin immunoprecipitation assay	21803131	jaspar	No	hg19	chr2	30448230	30448250	-
TFLinkLT04263922	P10914	IRF1	Homo sapiens	chromatin immunoprecipitation assay	21803131	jaspar	No	hg19	chr17	46653146	46653166	+
TFLinkLT04263923	P10914	IRF1	Homo sapiens	chromatin immunoprecipitation assay	21803131	jaspar	No	hg19	chr1	35540810	35540830	+
TFLinkLT04263924	P10914	IRF1	Homo sapiens	chromatin immunoprecipitation assay	21803131	jaspar	No	hg19	chr17	58159603	58159623	+
TFLinkLT04263925	P10914	IRF1	Homo sapiens	chromatin immunoprecipitation assay	21803131	jaspar	No	hg19	chr7	140177111	140177131	+
TFLinkLT04263926	P10914	IRF1	Homo sapiens	chromatin immunoprecipitation assay	21803131	jaspar	No	hg19	chr19	10196945	10196965	-
TFLinkLT04263927	P10914	IRF1	Homo sapiens	chromatin immunoprecipitation assay	21803131	jaspar	No	hg19	chr2	152146438	152146458	+
TFLinkLT04263928	P10914	IRF1	Homo sapiens	chromatin immunoprecipitation assay	21803131	jaspar	No	hg19	chr4	89300529	89300549	+
TFLinkLT04263929	P10914	IRF1	Homo sapiens	chromatin immunoprecipitation assay	21803131	jaspar	No	hg19	chr4	89300558	89300578	+
TFLinkLT04263930	P10914	IRF1	Homo sapiens	chromatin immunoprecipitation assay	21803131	jaspar	No	hg19	chr4	89300586	89300606	-
TFLinkLT04263931	P10914	IRF1	Homo sapiens	chromatin immunoprecipitation assay	21803131	jaspar	No	hg19	chr5	6789409	6789429	-
TFLinkLT04263932	P10914	IRF1	Homo sapiens	chromatin immunoprecipitation assay	21803131	jaspar	No	hg19	chr2	118479643	118479663	-
TFLinkLT04263933	P10914	IRF1	Homo sapiens	chromatin immunoprecipitation assay	21803131	jaspar	No	hg19	chr5	154033917	154033937	-
TFLinkLT04263934	P10914	IRF1	Homo sapiens	chromatin immunoprecipitation assay	21803131	jaspar	No	hg19	chr5	172124585	172124605	-
TFLinkLT04263935	P10914	IRF1	Homo sapiens	chromatin immunoprecipitation assay	21803131	jaspar	No	hg19	chr10	93971159	93971179	-
TFLinkLT04263936	P10914	IRF1	Homo sapiens	chromatin immunoprecipitation assay	21803131	jaspar	No	hg19	chr4	144434724	144434744	+
TFLinkLT04263937	P10914	IRF1	Homo sapiens	chromatin immunoprecipitation assay	21803131	jaspar	No	hg19	chr17	39835237	39835257	-
TFLinkLT04263938	P10914	IRF1	Homo sapiens	chromatin immunoprecipitation assay	21803131	jaspar	No	hg19	chr15	67963149	67963169	-
TFLinkLT04263939	P10914	IRF1	Homo sapiens	chromatin immunoprecipitation assay	21803131	jaspar	No	hg19	chr1	171454266	171454286	+
TFLinkLT04263940	P10914	IRF1	Homo sapiens	chromatin immunoprecipitation assay	21803131	jaspar	No	hg19	chr5	150763825	150763845	+
TFLinkLT04263941	P10914	IRF1	Homo sapiens	chromatin immunoprecipitation assay	21803131	jaspar	No	hg19	chr17	57237745	57237765	+
TFLinkLT04263942	P10914	IRF1	Homo sapiens	chromatin immunoprecipitation assay	21803131	jaspar	No	hg19	chr8	41605412	41605432	-
TFLinkLT04263943	P10914	IRF1	Homo sapiens	chromatin immunoprecipitation assay	21803131	jaspar	No	hg19	chr7	151039527	151039547	-
TFLinkLT04263944	P10914	IRF1	Homo sapiens	chromatin immunoprecipitation assay	21803131	jaspar	No	hg19	chr7	151039564	151039584	+
TFLinkLT04263945	P10914	IRF1	Homo sapiens	chromatin immunoprecipitation assay	21803131	jaspar	No	hg19	chr3	146268214	146268234	+
TFLinkLT04263946	P10914	IRF1	Homo sapiens	chromatin immunoprecipitation assay	21803131	jaspar	No	hg19	chr20	39694491	39694511	+
TFLinkLT04263947	P10914	IRF1	Homo sapiens	chromatin immunoprecipitation assay	21803131	jaspar	No	hg19	chr2	11859628	11859648	+
TFLinkLT04263948	P10914	IRF1	Homo sapiens	chromatin immunoprecipitation assay	21803131	jaspar	No	hg19	chr19	51271784	51271804	+
TFLinkLT04263949	P10914	IRF1	Homo sapiens	chromatin immunoprecipitation assay	21803131	jaspar	No	hg19	chr21	36715600	36715620	-
TFLinkLT04263950	P10914	IRF1	Homo sapiens	chromatin immunoprecipitation assay	21803131	jaspar	No	hg19	chr8	103395655	103395675	-
TFLinkLT04263951	P10914	IRF1	Homo sapiens	chromatin immunoprecipitation assay	21803131	jaspar	No	hg19	chr7	134832766	134832786	-
TFLinkLT04263952	P10914	IRF1	Homo sapiens	chromatin immunoprecipitation assay	21803131	jaspar	No	hg19	chr2	20776593	20776613	+
TFLinkLT04263953	P10914	IRF1	Homo sapiens	chromatin immunoprecipitation assay	21803131	jaspar	No	hg19	chr6	74364703	74364723	-
TFLinkLT04263954	P10914	IRF1	Homo sapiens	chromatin immunoprecipitation assay	21803131	jaspar	No	hg19	chr4	123745885	123745905	+
TFLinkLT04263955	P10914	IRF1	Homo sapiens	chromatin immunoprecipitation assay	21803131	jaspar	No	hg19	chr5	138720943	138720963	-
TFLinkLT04263956	P10914	IRF1	Homo sapiens	chromatin immunoprecipitation assay	21803131	jaspar	No	hg19	chr2	9971103	9971123	+
TFLinkLT04263957	P10914	IRF1	Homo sapiens	chromatin immunoprecipitation assay	21803131	jaspar	No	hg19	chr19	29228064	29228084	-
TFLinkLT04263958	P10914	IRF1	Homo sapiens	chromatin immunoprecipitation assay	21803131	jaspar	No	hg19	chr9	114857357	114857377	-
TFLinkLT04263959	P10914	IRF1	Homo sapiens	chromatin immunoprecipitation assay	21803131	jaspar	No	hg19	chr1	100252449	100252469	+
TFLinkLT04263960	P10914	IRF1	Homo sapiens	chromatin immunoprecipitation assay	21803131	jaspar	No	hg19	chr1	20126931	20126951	+
TFLinkLT04263961	P10914	IRF1	Homo sapiens	chromatin immunoprecipitation assay	21803131	jaspar	No	hg19	chr10	11646929	11646949	-
TFLinkLT04263962	P10914	IRF1	Homo sapiens	chromatin immunoprecipitation assay	21803131	jaspar	No	hg19	chr1	246677816	246677836	+
TFLinkLT04263963	P10914	IRF1	Homo sapiens	chromatin immunoprecipitation assay	21803131	jaspar	No	hg19	chr3	141295453	141295473	-
TFLinkLT04263964	P10914	IRF1	Homo sapiens	chromatin immunoprecipitation assay	21803131	jaspar	No	hg19	chr16	11334762	11334782	+
TFLinkLT04263965	P10914	IRF1	Homo sapiens	chromatin immunoprecipitation assay	21803131	jaspar	No	hg19	chr17	56071255	56071275	+
TFLinkLT04263966	P10914	IRF1	Homo sapiens	chromatin immunoprecipitation assay	21803131	jaspar	No	hg19	chr17	56071278	56071298	+
TFLinkLT04263967	P10914	IRF1	Homo sapiens	chromatin immunoprecipitation assay	21803131	jaspar	No	hg19	chr16	8040839	8040859	+
TFLinkLT04263968	P10914	IRF1	Homo sapiens	chromatin immunoprecipitation assay	21803131	jaspar	No	hg19	chr9	36143055	36143075	+
TFLinkLT04263969	P10914	IRF1	Homo sapiens	chromatin immunoprecipitation assay	21803131	jaspar	No	hg19	chr1	27998803	27998823	+
TFLinkLT04263970	P10914	IRF1	Homo sapiens	chromatin immunoprecipitation assay	21803131	jaspar	No	hg19	chr7	143123684	143123704	+
TFLinkLT04263971	P10914	IRF1	Homo sapiens	chromatin immunoprecipitation assay	21803131	jaspar	No	hg19	chr16	28223538	28223558	+
TFLinkLT04263972	P10914	IRF1	Homo sapiens	chromatin immunoprecipitation assay	21803131	jaspar	No	hg19	chr10	3975362	3975382	+
TFLinkLT04263973	P10914	IRF1	Homo sapiens	chromatin immunoprecipitation assay	21803131	jaspar	No	hg19	chr9	94696442	94696462	+
TFLinkLT04263974	P10914	IRF1	Homo sapiens	chromatin immunoprecipitation assay	21803131	jaspar	No	hg19	chr8	131054776	131054796	+
TFLinkLT04263975	P10914	IRF1	Homo sapiens	chromatin immunoprecipitation assay	21803131	jaspar	No	hg19	chr5	43075955	43075975	-
TFLinkLT04263976	P10914	IRF1	Homo sapiens	chromatin immunoprecipitation assay	21803131	jaspar	No	hg19	chr3	105723237	105723257	-
TFLinkLT04263977	P10914	IRF1	Homo sapiens	chromatin immunoprecipitation assay	21803131	jaspar	No	hg19	chr1	160407866	160407886	+
TFLinkLT04263978	P10914	IRF1	Homo sapiens	chromatin immunoprecipitation assay	21803131	jaspar	No	hg19	chr1	113337340	113337360	-
TFLinkLT04263979	P10914	IRF1	Homo sapiens	chromatin immunoprecipitation assay	21803131	jaspar	No	hg19	chr6	74295451	74295471	-
TFLinkLT04263980	P10914	IRF1	Homo sapiens	chromatin immunoprecipitation assay	21803131	jaspar	No	hg19	chr12	124965137	124965157	+
TFLinkLT04263981	P10914	IRF1	Homo sapiens	chromatin immunoprecipitation assay	21803131	jaspar	No	hg19	chr8	17784499	17784519	-
TFLinkLT04263982	P10914	IRF1	Homo sapiens	chromatin immunoprecipitation assay	21803131	jaspar	No	hg19	chr4	186316602	186316622	-
TFLinkLT04263983	P10914	IRF1	Homo sapiens	chromatin immunoprecipitation assay	21803131	jaspar	No	hg19	chr1	225629674	225629694	-
TFLinkLT04263984	P10914	IRF1	Homo sapiens	chromatin immunoprecipitation assay	21803131	jaspar	No	hg19	chr4	71600487	71600507	+
TFLinkLT04263985	P10914	IRF1	Homo sapiens	chromatin immunoprecipitation assay	21803131	jaspar	No	hg19	chr13	49066811	49066831	+
TFLinkLT04263986	P10914	IRF1	Homo sapiens	chromatin immunoprecipitation assay	21803131	jaspar	No	hg19	chr9	101685349	101685369	-
TFLinkLT04263987	P10914	IRF1	Homo sapiens	chromatin immunoprecipitation assay	21803131	jaspar	No	hg19	chr9	101685400	101685420	-
TFLinkLT04263988	P10914	IRF1	Homo sapiens	chromatin immunoprecipitation assay	21803131	jaspar	No	hg19	chr3	167931881	167931901	+
TFLinkLT04263989	P10914	IRF1	Homo sapiens	chromatin immunoprecipitation assay	21803131	jaspar	No	hg19	chr22	46454198	46454218	+
TFLinkLT04263990	P10914	IRF1	Homo sapiens	chromatin immunoprecipitation assay	21803131	jaspar	No	hg19	chr11	43890700	43890720	+
TFLinkLT04263991	P10914	IRF1	Homo sapiens	chromatin immunoprecipitation assay	21803131	jaspar	No	hg19	chr5	133303527	133303547	+
TFLinkLT04263992	P10914	IRF1	Homo sapiens	chromatin immunoprecipitation assay	21803131	jaspar	No	hg19	chr11	64648335	64648355	+
TFLinkLT04263993	P10914	IRF1	Homo sapiens	chromatin immunoprecipitation assay	21803131	jaspar	No	hg19	chr6	144266907	144266927	-
TFLinkLT04263994	P10914	IRF1	Homo sapiens	chromatin immunoprecipitation assay	21803131	jaspar	No	hg19	chr15	32949773	32949793	-
TFLinkLT04263995	P10914	IRF1	Homo sapiens	chromatin immunoprecipitation assay	21803131	jaspar	No	hg19	chr4	129435257	129435277	+
TFLinkLT04263996	P10914	IRF1	Homo sapiens	chromatin immunoprecipitation assay	21803131	jaspar	No	hg19	chr6	14075613	14075633	+
TFLinkLT04263997	P10914	IRF1	Homo sapiens	chromatin immunoprecipitation assay	21803131	jaspar	No	hg19	chr4	74366309	74366329	+
TFLinkLT04263998	P10914	IRF1	Homo sapiens	chromatin immunoprecipitation assay	21803131	jaspar	No	hg19	chr1	25035605	25035625	+
TFLinkLT04263999	P10914	IRF1	Homo sapiens	chromatin immunoprecipitation assay	21803131	jaspar	No	hg19	chr6	71035564	71035584	+
TFLinkLT04264000	P10914	IRF1	Homo sapiens	chromatin immunoprecipitation assay	21803131	jaspar	No	hg19	chr8	98652096	98652116	+
TFLinkLT04264001	P10914	IRF1	Homo sapiens	chromatin immunoprecipitation assay	21803131	jaspar	No	hg19	chr2	12728380	12728400	+
TFLinkLT04264002	P10914	IRF1	Homo sapiens	chromatin immunoprecipitation assay	21803131	jaspar	No	hg19	chr4	123134181	123134201	+
TFLinkLT04264003	P10914	IRF1	Homo sapiens	chromatin immunoprecipitation assay	21803131	jaspar	No	hg19	chr3	196001702	196001722	-
TFLinkLT04264004	P10914	IRF1	Homo sapiens	chromatin immunoprecipitation assay	21803131	jaspar	No	hg19	chr3	45185942	45185962	-
TFLinkLT04264005	P10914	IRF1	Homo sapiens	chromatin immunoprecipitation assay	21803131	jaspar	No	hg19	chr22	22522715	22522735	+
TFLinkLT04264006	P10914	IRF1	Homo sapiens	chromatin immunoprecipitation assay	21803131	jaspar	No	hg19	chr1	181072166	181072186	-
TFLinkLT04264007	P10914	IRF1	Homo sapiens	chromatin immunoprecipitation assay	21803131	jaspar	No	hg19	chr17	78044916	78044936	+
TFLinkLT04264008	P10914	IRF1	Homo sapiens	chromatin immunoprecipitation assay	21803131	jaspar	No	hg19	chr14	32435171	32435191	-
TFLinkLT04264009	P10914	IRF1	Homo sapiens	chromatin immunoprecipitation assay	21803131	jaspar	No	hg19	chr3	138500154	138500174	-
TFLinkLT04264010	P10914	IRF1	Homo sapiens	chromatin immunoprecipitation assay	21803131	jaspar	No	hg19	chr15	101688930	101688950	-
TFLinkLT04264011	P10914	IRF1	Homo sapiens	chromatin immunoprecipitation assay	21803131	jaspar	No	hg19	chr2	183954327	183954347	-
TFLinkLT04264012	P10914	IRF1	Homo sapiens	chromatin immunoprecipitation assay	21803131	jaspar	No	hg19	chr1	93499478	93499498	-
TFLinkLT04264013	P10914	IRF1	Homo sapiens	chromatin immunoprecipitation assay	21803131	jaspar	No	hg19	chr1	93499506	93499526	+
TFLinkLT04264014	P10914	IRF1	Homo sapiens	chromatin immunoprecipitation assay	21803131	jaspar	No	hg19	chr5	118649111	118649131	+
TFLinkLT04264015	P10914	IRF1	Homo sapiens	chromatin immunoprecipitation assay	21803131	jaspar	No	hg19	chr15	45929884	45929904	-
TFLinkLT04264016	P10914	IRF1	Homo sapiens	chromatin immunoprecipitation assay	21803131	jaspar	No	hg19	chr20	48983320	48983340	+
TFLinkLT04264017	P10914	IRF1	Homo sapiens	chromatin immunoprecipitation assay	21803131	jaspar	No	hg19	chr14	37556622	37556642	+
TFLinkLT04264018	P10914	IRF1	Homo sapiens	chromatin immunoprecipitation assay	21803131	jaspar	No	hg19	chr7	2077696	2077716	-
TFLinkLT04264019	P10914	IRF1	Homo sapiens	chromatin immunoprecipitation assay	21803131	jaspar	No	hg19	chr10	30814758	30814778	+
TFLinkLT04264020	P10914	IRF1	Homo sapiens	chromatin immunoprecipitation assay	21803131	jaspar	No	hg19	chr14	70115733	70115753	+
TFLinkLT04264021	P10914	IRF1	Homo sapiens	chromatin immunoprecipitation assay	21803131	jaspar	No	hg19	chrX	39676345	39676365	-
TFLinkLT04264022	P10914	IRF1	Homo sapiens	chromatin immunoprecipitation assay	21803131	jaspar	No	hg19	chr5	78858926	78858946	-
TFLinkLT04264023	P10914	IRF1	Homo sapiens	chromatin immunoprecipitation assay	21803131	jaspar	No	hg19	chr8	17113582	17113602	+
TFLinkLT04264024	P10914	IRF1	Homo sapiens	chromatin immunoprecipitation assay	21803131	jaspar	No	hg19	chr5	81576345	81576365	-
TFLinkLT04264025	P10914	IRF1	Homo sapiens	chromatin immunoprecipitation assay	21803131	jaspar	No	hg19	chr6	32821601	32821621	-
TFLinkLT04264026	P10914	IRF1	Homo sapiens	chromatin immunoprecipitation assay	21803131	jaspar	No	hg19	chr2	152144818	152144838	-
TFLinkLT04264027	P10914	IRF1	Homo sapiens	chromatin immunoprecipitation assay	21803131	jaspar	No	hg19	chr2	231084736	231084756	-
TFLinkLT04264028	P10914	IRF1	Homo sapiens	chromatin immunoprecipitation assay	21803131	jaspar	No	hg19	chr21	17104830	17104850	-
TFLinkLT04264029	P10914	IRF1	Homo sapiens	chromatin immunoprecipitation assay	21803131	jaspar	No	hg19	chr4	693329	693349	+
TFLinkLT04264030	P10914	IRF1	Homo sapiens	chromatin immunoprecipitation assay	21803131	jaspar	No	hg19	chr1	46531245	46531265	-
TFLinkLT04264031	P10914	IRF1	Homo sapiens	chromatin immunoprecipitation assay	21803131	jaspar	No	hg19	chr11	118895509	118895529	-
TFLinkLT04264032	P10914	IRF1	Homo sapiens	chromatin immunoprecipitation assay	21803131	jaspar	No	hg19	chr1	159850051	159850071	+
TFLinkLT04264033	P10914	IRF1	Homo sapiens	chromatin immunoprecipitation assay	21803131	jaspar	No	hg19	chr15	45003572	45003592	-
TFLinkLT04264034	P10914	IRF1	Homo sapiens	chromatin immunoprecipitation assay	21803131	jaspar	No	hg19	chr1	38993226	38993246	+
TFLinkLT04264035	P10914	IRF1	Homo sapiens	chromatin immunoprecipitation assay	21803131	jaspar	No	hg19	chr21	30390379	30390399	-
TFLinkLT04264036	P10914	IRF1	Homo sapiens	chromatin immunoprecipitation assay	21803131	jaspar	No	hg19	chr20	44750327	44750347	+
TFLinkLT04264037	P10914	IRF1	Homo sapiens	chromatin immunoprecipitation assay	21803131	jaspar	No	hg19	chr4	186990300	186990320	+
TFLinkLT04264038	P10914	IRF1	Homo sapiens	chromatin immunoprecipitation assay	21803131	jaspar	No	hg19	chr12	26435444	26435464	-
TFLinkLT04264039	P10914	IRF1	Homo sapiens	chromatin immunoprecipitation assay	21803131	jaspar	No	hg19	chr11	36471797	36471817	-
TFLinkLT04264040	P10914	IRF1	Homo sapiens	chromatin immunoprecipitation assay	21803131	jaspar	No	hg19	chr13	99718674	99718694	+
TFLinkLT04264041	P10914	IRF1	Homo sapiens	chromatin immunoprecipitation assay	21803131	jaspar	No	hg19	chr13	99718702	99718722	+
TFLinkLT04264042	P10914	IRF1	Homo sapiens	chromatin immunoprecipitation assay	21803131	jaspar	No	hg19	chr1	117457822	117457842	-
TFLinkLT04264043	P10914	IRF1	Homo sapiens	chromatin immunoprecipitation assay	21803131	jaspar	No	hg19	chr15	57978644	57978664	-
TFLinkLT04264044	P10914	IRF1	Homo sapiens	chromatin immunoprecipitation assay	21803131	jaspar	No	hg19	chr22	32534114	32534134	+
TFLinkLT04264045	P10914	IRF1	Homo sapiens	chromatin immunoprecipitation assay	21803131	jaspar	No	hg19	chr7	87834704	87834724	-
TFLinkLT04264046	P10914	IRF1	Homo sapiens	chromatin immunoprecipitation assay	21803131	jaspar	No	hg19	chr17	55131815	55131835	-
TFLinkLT04264047	P10914	IRF1	Homo sapiens	chromatin immunoprecipitation assay	21803131	jaspar	No	hg19	chrX	120331434	120331454	-
TFLinkLT04264048	P10914	IRF1	Homo sapiens	chromatin immunoprecipitation assay	21803131	jaspar	No	hg19	chr20	46116040	46116060	+
TFLinkLT04264049	P10914	IRF1	Homo sapiens	chromatin immunoprecipitation assay	21803131	jaspar	No	hg19	chr2	172410444	172410464	-
TFLinkLT04264050	P10914	IRF1	Homo sapiens	chromatin immunoprecipitation assay	21803131	jaspar	No	hg19	chr2	85518673	85518693	+
TFLinkLT04264051	P10914	IRF1	Homo sapiens	chromatin immunoprecipitation assay	21803131	jaspar	No	hg19	chr2	85518697	85518717	+
TFLinkLT04264052	P10914	IRF1	Homo sapiens	chromatin immunoprecipitation assay	21803131	jaspar	No	hg19	chr8	103674831	103674851	-
TFLinkLT04264053	P10914	IRF1	Homo sapiens	chromatin immunoprecipitation assay	21803131	jaspar	No	hg19	chr1	8889778	8889798	+
TFLinkLT04264054	P10914	IRF1	Homo sapiens	chromatin immunoprecipitation assay	21803131	jaspar	No	hg19	chr2	63029067	63029087	-
TFLinkLT04264055	P10914	IRF1	Homo sapiens	chromatin immunoprecipitation assay	21803131	jaspar	No	hg19	chr12	28696442	28696462	-
TFLinkLT04264056	P10914	IRF1	Homo sapiens	chromatin immunoprecipitation assay	21803131	jaspar	No	hg19	chr1	196527720	196527740	-
TFLinkLT04264057	P10914	IRF1	Homo sapiens	chromatin immunoprecipitation assay	21803131	jaspar	No	hg19	chr7	105924528	105924548	+
TFLinkLT04264058	P10914	IRF1	Homo sapiens	chromatin immunoprecipitation assay	21803131	jaspar	No	hg19	chr10	63546665	63546685	+
TFLinkLT04264059	P10914	IRF1	Homo sapiens	chromatin immunoprecipitation assay	21803131	jaspar	No	hg19	chr2	197132908	197132928	-
TFLinkLT04264060	P10914	IRF1	Homo sapiens	chromatin immunoprecipitation assay	21803131	jaspar	No	hg19	chr8	20875378	20875398	-
TFLinkLT04264061	P10914	IRF1	Homo sapiens	chromatin immunoprecipitation assay	21803131	jaspar	No	hg19	chr20	49100404	49100424	+
TFLinkLT04264062	P10914	IRF1	Homo sapiens	chromatin immunoprecipitation assay	21803131	jaspar	No	hg19	chr7	7176152	7176172	+
TFLinkLT04264063	P10914	IRF1	Homo sapiens	chromatin immunoprecipitation assay	21803131	jaspar	No	hg19	chr7	154720160	154720180	-
TFLinkLT04264064	P10914	IRF1	Homo sapiens	chromatin immunoprecipitation assay	21803131	jaspar	No	hg19	chr4	185395946	185395966	+
TFLinkLT04264065	P10914	IRF1	Homo sapiens	chromatin immunoprecipitation assay	21803131	jaspar	No	hg19	chr4	185782442	185782462	-
TFLinkLT04264066	P10914	IRF1	Homo sapiens	chromatin immunoprecipitation assay	21803131	jaspar	No	hg19	chr18	72873842	72873862	+
TFLinkLT04264067	P10914	IRF1	Homo sapiens	chromatin immunoprecipitation assay	21803131	jaspar	No	hg19	chr4	75263932	75263952	+
TFLinkLT04264068	P10914	IRF1	Homo sapiens	chromatin immunoprecipitation assay	21803131	jaspar	No	hg19	chr9	133840808	133840828	-
TFLinkLT04264069	P10914	IRF1	Homo sapiens	chromatin immunoprecipitation assay	21803131	jaspar	No	hg19	chr6	28911496	28911516	+
TFLinkLT04264070	P10914	IRF1	Homo sapiens	chromatin immunoprecipitation assay	21803131	jaspar	No	hg19	chr10	29019542	29019562	-
TFLinkLT04264071	P10914	IRF1	Homo sapiens	chromatin immunoprecipitation assay	21803131	jaspar	No	hg19	chr5	158637487	158637507	+
TFLinkLT04264072	P10914	IRF1	Homo sapiens	chromatin immunoprecipitation assay	21803131	jaspar	No	hg19	chr9	32526329	32526349	-
TFLinkLT04264073	P10914	IRF1	Homo sapiens	chromatin immunoprecipitation assay	21803131	jaspar	No	hg19	chr17	80293122	80293142	-
TFLinkLT04264074	P10914	IRF1	Homo sapiens	chromatin immunoprecipitation assay	21803131	jaspar	No	hg19	chr7	36352310	36352330	-
TFLinkLT04264075	P10914	IRF1	Homo sapiens	chromatin immunoprecipitation assay	21803131	jaspar	No	hg19	chr7	7802073	7802093	+
TFLinkLT04264076	P10914	IRF1	Homo sapiens	chromatin immunoprecipitation assay	21803131	jaspar	No	hg19	chr2	55687906	55687926	+
TFLinkLT04264077	P10914	IRF1	Homo sapiens	chromatin immunoprecipitation assay	21803131	jaspar	No	hg19	chr11	57334783	57334803	-
TFLinkLT04264078	P10914	IRF1	Homo sapiens	chromatin immunoprecipitation assay	21803131	jaspar	No	hg19	chr3	184459839	184459859	+
TFLinkLT04264079	P10914	IRF1	Homo sapiens	chromatin immunoprecipitation assay	21803131	jaspar	No	hg19	chr10	21809210	21809230	+
TFLinkLT04264080	P10914	IRF1	Homo sapiens	chromatin immunoprecipitation assay	21803131	jaspar	No	hg19	chr3	32745279	32745299	-
TFLinkLT04264081	P10914	IRF1	Homo sapiens	chromatin immunoprecipitation assay	21803131	jaspar	No	hg19	chr18	13177060	13177080	-
TFLinkLT04264082	P10914	IRF1	Homo sapiens	chromatin immunoprecipitation assay	21803131	jaspar	No	hg19	chr2	37909787	37909807	-
TFLinkLT04264083	P10914	IRF1	Homo sapiens	chromatin immunoprecipitation assay	21803131	jaspar	No	hg19	chr2	191888211	191888231	-
TFLinkLT04264084	P10914	IRF1	Homo sapiens	chromatin immunoprecipitation assay	21803131	jaspar	No	hg19	chr2	191888238	191888258	-
TFLinkLT04264085	P10914	IRF1	Homo sapiens	chromatin immunoprecipitation assay	21803131	jaspar	No	hg19	chr5	103425056	103425076	-
TFLinkLT04264086	P10914	IRF1	Homo sapiens	chromatin immunoprecipitation assay	21803131	jaspar	No	hg19	chr2	152118328	152118348	+
TFLinkLT04264087	P10914	IRF1	Homo sapiens	chromatin immunoprecipitation assay	21803131	jaspar	No	hg19	chr10	44090836	44090856	+
TFLinkLT04264088	P10914	IRF1	Homo sapiens	chromatin immunoprecipitation assay	21803131	jaspar	No	hg19	chr4	123719477	123719497	+
TFLinkLT04264089	P10914	IRF1	Homo sapiens	chromatin immunoprecipitation assay	21803131	jaspar	No	hg19	chr16	31033980	31034000	+
TFLinkLT04264090	P10914	IRF1	Homo sapiens	chromatin immunoprecipitation assay	21803131	jaspar	No	hg19	chr5	109078825	109078845	+
TFLinkLT04264091	P10914	IRF1	Homo sapiens	chromatin immunoprecipitation assay	21803131	jaspar	No	hg19	chr6	24669184	24669204	+
TFLinkLT04264092	P10914	IRF1	Homo sapiens	chromatin immunoprecipitation assay	21803131	jaspar	No	hg19	chr10	98561533	98561553	-
TFLinkLT04264093	P10914	IRF1	Homo sapiens	chromatin immunoprecipitation assay	21803131	jaspar	No	hg19	chr1	197701583	197701603	-
TFLinkLT04264094	P10914	IRF1	Homo sapiens	chromatin immunoprecipitation assay	21803131	jaspar	No	hg19	chr3	63898049	63898069	-
TFLinkLT04264095	P10914	IRF1	Homo sapiens	chromatin immunoprecipitation assay	21803131	jaspar	No	hg19	chr10	73608272	73608292	+
TFLinkLT04264096	P10914	IRF1	Homo sapiens	chromatin immunoprecipitation assay	21803131	jaspar	No	hg19	chrX	118612081	118612101	+
TFLinkLT04264097	P10914	IRF1	Homo sapiens	chromatin immunoprecipitation assay	21803131	jaspar	No	hg19	chrX	139015168	139015188	+
TFLinkLT04264098	P10914	IRF1	Homo sapiens	chromatin immunoprecipitation assay	21803131	jaspar	No	hg19	chr8	128933111	128933131	-
TFLinkLT04264099	P10914	IRF1	Homo sapiens	chromatin immunoprecipitation assay	21803131	jaspar	No	hg19	chr8	56919292	56919312	-
TFLinkLT04264100	P10914	IRF1	Homo sapiens	chromatin immunoprecipitation assay	21803131	jaspar	No	hg19	chr1	59485984	59486004	-
TFLinkLT04264101	P10914	IRF1	Homo sapiens	chromatin immunoprecipitation assay	21803131	jaspar	No	hg19	chr4	82668464	82668484	-
TFLinkLT04264102	P10914	IRF1	Homo sapiens	chromatin immunoprecipitation assay	21803131	jaspar	No	hg19	chr2	176961481	176961501	+
TFLinkLT04264103	P10914	IRF1	Homo sapiens	chromatin immunoprecipitation assay	21803131	jaspar	No	hg19	chr21	36021854	36021874	+
TFLinkLT04264104	P10914	IRF1	Homo sapiens	chromatin immunoprecipitation assay	21803131	jaspar	No	hg19	chr1	112861659	112861679	-
TFLinkLT04264105	P10914	IRF1	Homo sapiens	chromatin immunoprecipitation assay	21803131	jaspar	No	hg19	chr1	204351771	204351791	-
TFLinkLT04264106	P10914	IRF1	Homo sapiens	chromatin immunoprecipitation assay	21803131	jaspar	No	hg19	chr20	35224229	35224249	-
TFLinkLT04264107	P10914	IRF1	Homo sapiens	chromatin immunoprecipitation assay	21803131	jaspar	No	hg19	chr1	14661008	14661028	+
TFLinkLT04264108	P10914	IRF1	Homo sapiens	chromatin immunoprecipitation assay	21803131	jaspar	No	hg19	chr11	128701207	128701227	+
TFLinkLT04264109	P10914	IRF1	Homo sapiens	chromatin immunoprecipitation assay	21803131	jaspar	No	hg19	chr1	153861127	153861147	-
TFLinkLT04264110	P10914	IRF1	Homo sapiens	chromatin immunoprecipitation assay	21803131	jaspar	No	hg19	chr1	35628028	35628048	-
TFLinkLT04264111	P10914	IRF1	Homo sapiens	chromatin immunoprecipitation assay	21803131	jaspar	No	hg19	chr19	17516548	17516568	+
TFLinkLT04264112	P10914	IRF1	Homo sapiens	chromatin immunoprecipitation assay	21803131	jaspar	No	hg19	chr4	75401459	75401479	-
TFLinkLT04264113	P10914	IRF1	Homo sapiens	chromatin immunoprecipitation assay	21803131	jaspar	No	hg19	chr14	64733120	64733140	-
TFLinkLT04264114	P10914	IRF1	Homo sapiens	chromatin immunoprecipitation assay	21803131	jaspar	No	hg19	chr2	46495473	46495493	-
TFLinkLT04264115	P10914	IRF1	Homo sapiens	chromatin immunoprecipitation assay	21803131	jaspar	No	hg19	chr19	3553055	3553075	-
TFLinkLT04264116	P10914	IRF1	Homo sapiens	chromatin immunoprecipitation assay	21803131	jaspar	No	hg19	chr12	71148087	71148107	-
TFLinkLT04264117	P10914	IRF1	Homo sapiens	chromatin immunoprecipitation assay	21803131	jaspar	No	hg19	chr1	10276383	10276403	+
TFLinkLT04264118	P10914	IRF1	Homo sapiens	chromatin immunoprecipitation assay	21803131	jaspar	No	hg19	chr13	21402790	21402810	-
TFLinkLT04264119	P10914	IRF1	Homo sapiens	chromatin immunoprecipitation assay	21803131	jaspar	No	hg19	chr17	73779343	73779363	+
TFLinkLT04264120	P10914	IRF1	Homo sapiens	chromatin immunoprecipitation assay	21803131	jaspar	No	hg19	chr18	66389074	66389094	-
TFLinkLT04264121	P10914	IRF1	Homo sapiens	chromatin immunoprecipitation assay	21803131	jaspar	No	hg19	chr16	18957446	18957466	+
TFLinkLT04264122	P10914	IRF1	Homo sapiens	chromatin immunoprecipitation assay	21803131	jaspar	No	hg19	chr22	50978120	50978140	-
TFLinkLT04264123	P10914	IRF1	Homo sapiens	chromatin immunoprecipitation assay	21803131	jaspar	No	hg19	chr2	216696305	216696325	-
TFLinkLT04264124	P10914	IRF1	Homo sapiens	chromatin immunoprecipitation assay	21803131	jaspar	No	hg19	chr16	25042887	25042907	+
TFLinkLT04264125	P10914	IRF1	Homo sapiens	chromatin immunoprecipitation assay	21803131	jaspar	No	hg19	chr15	75491209	75491229	+
TFLinkLT04264126	P10914	IRF1	Homo sapiens	chromatin immunoprecipitation assay	21803131	jaspar	No	hg19	chr13	41634602	41634622	-
TFLinkLT04264127	P10914	IRF1	Homo sapiens	chromatin immunoprecipitation assay	21803131	jaspar	No	hg19	chr5	5523474	5523494	-
TFLinkLT04264128	P10914	IRF1	Homo sapiens	chromatin immunoprecipitation assay	21803131	jaspar	No	hg19	chr5	5523505	5523525	-
TFLinkLT04264129	P10914	IRF1	Homo sapiens	chromatin immunoprecipitation assay	21803131	jaspar	No	hg19	chr5	5523547	5523567	-
TFLinkLT04264130	P10914	IRF1	Homo sapiens	chromatin immunoprecipitation assay	21803131	jaspar	No	hg19	chr2	170571989	170572009	+
TFLinkLT04264131	P10914	IRF1	Homo sapiens	chromatin immunoprecipitation assay	21803131	jaspar	No	hg19	chr1	162391501	162391521	-
TFLinkLT04264132	P10914	IRF1	Homo sapiens	chromatin immunoprecipitation assay	21803131	jaspar	No	hg19	chr21	22548303	22548323	+
TFLinkLT04264133	P10914	IRF1	Homo sapiens	chromatin immunoprecipitation assay	21803131	jaspar	No	hg19	chr10	120492670	120492690	-
TFLinkLT04264134	P10914	IRF1	Homo sapiens	chromatin immunoprecipitation assay	21803131	jaspar	No	hg19	chr2	157198372	157198392	+
TFLinkLT04264135	P10914	IRF1	Homo sapiens	chromatin immunoprecipitation assay	21803131	jaspar	No	hg19	chr3	171188128	171188148	+
TFLinkLT04264136	P10914	IRF1	Homo sapiens	chromatin immunoprecipitation assay	21803131	jaspar	No	hg19	chr3	185512643	185512663	+
TFLinkLT04264137	P10914	IRF1	Homo sapiens	chromatin immunoprecipitation assay	21803131	jaspar	No	hg19	chr21	16438910	16438930	-
TFLinkLT04264138	P10914	IRF1	Homo sapiens	chromatin immunoprecipitation assay	21803131	jaspar	No	hg19	chr16	69478890	69478910	-
TFLinkLT04264139	P10914	IRF1	Homo sapiens	chromatin immunoprecipitation assay	21803131	jaspar	No	hg19	chr11	85847763	85847783	-
TFLinkLT04264140	P10914	IRF1	Homo sapiens	chromatin immunoprecipitation assay	21803131	jaspar	No	hg19	chr9	115141666	115141686	-
TFLinkLT04264141	P10914	IRF1	Homo sapiens	chromatin immunoprecipitation assay	21803131	jaspar	No	hg19	chr10	115503570	115503590	+
TFLinkLT04264142	P10914	IRF1	Homo sapiens	chromatin immunoprecipitation assay	21803131	jaspar	No	hg19	chr11	5646103	5646123	+
TFLinkLT04264143	P10914	IRF1	Homo sapiens	chromatin immunoprecipitation assay	21803131	jaspar	No	hg19	chr11	5646135	5646155	+
TFLinkLT04264144	P10914	IRF1	Homo sapiens	chromatin immunoprecipitation assay	21803131	jaspar	No	hg19	chr2	64994299	64994319	-
TFLinkLT04264145	P10914	IRF1	Homo sapiens	chromatin immunoprecipitation assay	21803131	jaspar	No	hg19	chr4	185189252	185189272	-
TFLinkLT04264146	P10914	IRF1	Homo sapiens	chromatin immunoprecipitation assay	21803131	jaspar	No	hg19	chr7	21392654	21392674	-
TFLinkLT04264147	P10914	IRF1	Homo sapiens	chromatin immunoprecipitation assay	21803131	jaspar	No	hg19	chr17	56445032	56445052	-
TFLinkLT04264148	P10914	IRF1	Homo sapiens	chromatin immunoprecipitation assay	21803131	jaspar	No	hg19	chr16	50700832	50700852	-
TFLinkLT04264149	P10914	IRF1	Homo sapiens	chromatin immunoprecipitation assay	21803131	jaspar	No	hg19	chr1	28744216	28744236	-
TFLinkLT04264150	P10914	IRF1	Homo sapiens	chromatin immunoprecipitation assay	21803131	jaspar	No	hg19	chr2	63671922	63671942	-
TFLinkLT04264151	P10914	IRF1	Homo sapiens	chromatin immunoprecipitation assay	21803131	jaspar	No	hg19	chr22	37558629	37558649	+
TFLinkLT04264152	P10914	IRF1	Homo sapiens	chromatin immunoprecipitation assay	21803131	jaspar	No	hg19	chr19	44599496	44599516	-
TFLinkLT04264153	P10914	IRF1	Homo sapiens	chromatin immunoprecipitation assay	21803131	jaspar	No	hg19	chr1	2029958	2029978	-
TFLinkLT04264154	P10914	IRF1	Homo sapiens	chromatin immunoprecipitation assay	21803131	jaspar	No	hg19	chr11	10324492	10324512	-
TFLinkLT04264155	P10914	IRF1	Homo sapiens	chromatin immunoprecipitation assay	21803131	jaspar	No	hg19	chr7	120640198	120640218	+
TFLinkLT04264156	P10914	IRF1	Homo sapiens	chromatin immunoprecipitation assay	21803131	jaspar	No	hg19	chr17	56024380	56024400	-
TFLinkLT04264157	P10914	IRF1	Homo sapiens	chromatin immunoprecipitation assay	21803131	jaspar	No	hg19	chr6	3259143	3259163	-
TFLinkLT04264158	P10914	IRF1	Homo sapiens	chromatin immunoprecipitation assay	21803131	jaspar	No	hg19	chr8	101326042	101326062	+
TFLinkLT04264159	P10914	IRF1	Homo sapiens	chromatin immunoprecipitation assay	21803131	jaspar	No	hg19	chrX	129216377	129216397	+
TFLinkLT04264160	P10914	IRF1	Homo sapiens	chromatin immunoprecipitation assay	21803131	jaspar	No	hg19	chr7	107661125	107661145	-
TFLinkLT04264161	P10914	IRF1	Homo sapiens	chromatin immunoprecipitation assay	21803131	jaspar	No	hg19	chr20	52384265	52384285	-
TFLinkLT04264162	P10914	IRF1	Homo sapiens	chromatin immunoprecipitation assay	21803131	jaspar	No	hg19	chr2	20100017	20100037	+
TFLinkLT04264163	P10914	IRF1	Homo sapiens	chromatin immunoprecipitation assay	21803131	jaspar	No	hg19	chr5	121448961	121448981	-
TFLinkLT04264164	P10914	IRF1	Homo sapiens	chromatin immunoprecipitation assay	21803131	jaspar	No	hg19	chr2	191885169	191885189	-
TFLinkLT04264165	P10914	IRF1	Homo sapiens	chromatin immunoprecipitation assay	21803131	jaspar	No	hg19	chr1	210049046	210049066	+
TFLinkLT04264166	P10914	IRF1	Homo sapiens	chromatin immunoprecipitation assay	21803131	jaspar	No	hg19	chr17	61517230	61517250	+
TFLinkLT04264167	P10914	IRF1	Homo sapiens	chromatin immunoprecipitation assay	21803131	jaspar	No	hg19	chr5	102547725	102547745	+
TFLinkLT04264168	P10914	IRF1	Homo sapiens	chromatin immunoprecipitation assay	21803131	jaspar	No	hg19	chr6	106960382	106960402	-
TFLinkLT04264169	P10914	IRF1	Homo sapiens	chromatin immunoprecipitation assay	21803131	jaspar	No	hg19	chr8	22103632	22103652	+
TFLinkLT04264170	P10914	IRF1	Homo sapiens	chromatin immunoprecipitation assay	21803131	jaspar	No	hg19	chr11	44716234	44716254	-
TFLinkLT04264171	P10914	IRF1	Homo sapiens	chromatin immunoprecipitation assay	21803131	jaspar	No	hg19	chr10	114851864	114851884	-
TFLinkLT04264172	P10914	IRF1	Homo sapiens	chromatin immunoprecipitation assay	21803131	jaspar	No	hg19	chr1	211861196	211861216	+
TFLinkLT04264173	P10914	IRF1	Homo sapiens	chromatin immunoprecipitation assay	21803131	jaspar	No	hg19	chr11	32559076	32559096	+
TFLinkLT04264174	P10914	IRF1	Homo sapiens	chromatin immunoprecipitation assay	21803131	jaspar	No	hg19	chr17	6659328	6659348	+
TFLinkLT04264175	P10914	IRF1	Homo sapiens	chromatin immunoprecipitation assay	21803131	jaspar	No	hg19	chr10	3853762	3853782	-
TFLinkLT04264176	P10914	IRF1	Homo sapiens	chromatin immunoprecipitation assay	21803131	jaspar	No	hg19	chr19	4078104	4078124	+
TFLinkLT04264177	P10914	IRF1	Homo sapiens	chromatin immunoprecipitation assay	21803131	jaspar	No	hg19	chr13	34253332	34253352	-
TFLinkLT04264178	P10914	IRF1	Homo sapiens	chromatin immunoprecipitation assay	21803131	jaspar	No	hg19	chr12	5730248	5730268	+
TFLinkLT04264179	P10914	IRF1	Homo sapiens	chromatin immunoprecipitation assay	21803131	jaspar	No	hg19	chr17	39116958	39116978	+
TFLinkLT04264180	P10914	IRF1	Homo sapiens	chromatin immunoprecipitation assay	21803131	jaspar	No	hg19	chr6	150881196	150881216	+
TFLinkLT04264181	P10914	IRF1	Homo sapiens	chromatin immunoprecipitation assay	21803131	jaspar	No	hg19	chr22	20863798	20863818	-
TFLinkLT04264182	P10914	IRF1	Homo sapiens	chromatin immunoprecipitation assay	21803131	jaspar	No	hg19	chr17	48929671	48929691	-
TFLinkLT04264183	P10914	IRF1	Homo sapiens	chromatin immunoprecipitation assay	21803131	jaspar	No	hg19	chr1	12227032	12227052	+
TFLinkLT04264184	P10914	IRF1	Homo sapiens	chromatin immunoprecipitation assay	21803131	jaspar	No	hg19	chr7	138729026	138729046	+
TFLinkLT04264185	P10914	IRF1	Homo sapiens	chromatin immunoprecipitation assay	21803131	jaspar	No	hg19	chr2	38879804	38879824	-
TFLinkLT04264186	P10914	IRF1	Homo sapiens	chromatin immunoprecipitation assay	21803131	jaspar	No	hg19	chr2	38879832	38879852	+
TFLinkLT04264187	P10914	IRF1	Homo sapiens	chromatin immunoprecipitation assay	21803131	jaspar	No	hg19	chr16	48642637	48642657	+
TFLinkLT04264188	P10914	IRF1	Homo sapiens	chromatin immunoprecipitation assay	21803131	jaspar	No	hg19	chr19	14479066	14479086	+
TFLinkLT04264189	P10914	IRF1	Homo sapiens	chromatin immunoprecipitation assay	21803131	jaspar	No	hg19	chr16	8158889	8158909	-
TFLinkLT04264190	P10914	IRF1	Homo sapiens	chromatin immunoprecipitation assay	21803131	jaspar	No	hg19	chr2	38905154	38905174	+
TFLinkLT04264191	P10914	IRF1	Homo sapiens	chromatin immunoprecipitation assay	21803131	jaspar	No	hg19	chr2	38905179	38905199	+
TFLinkLT04264192	P10914	IRF1	Homo sapiens	chromatin immunoprecipitation assay	21803131	jaspar	No	hg19	chr12	108496335	108496355	+
TFLinkLT04264193	P10914	IRF1	Homo sapiens	chromatin immunoprecipitation assay	21803131	jaspar	No	hg19	chr5	70882355	70882375	-
TFLinkLT04264194	P10914	IRF1	Homo sapiens	chromatin immunoprecipitation assay	21803131	jaspar	No	hg19	chr5	70882378	70882398	-
TFLinkLT04264195	P10914	IRF1	Homo sapiens	chromatin immunoprecipitation assay	21803131	jaspar	No	hg19	chr7	74064512	74064532	-
TFLinkLT04264196	P10914	IRF1	Homo sapiens	chromatin immunoprecipitation assay	21803131	jaspar	No	hg19	chr11	13229854	13229874	+
TFLinkLT04264197	P10914	IRF1	Homo sapiens	chromatin immunoprecipitation assay	21803131	jaspar	No	hg19	chr5	10596067	10596087	-
TFLinkLT04264198	P10914	IRF1	Homo sapiens	chromatin immunoprecipitation assay	21803131	jaspar	No	hg19	chr8	27180410	27180430	+
TFLinkLT04264199	P10914	IRF1	Homo sapiens	chromatin immunoprecipitation assay	21803131	jaspar	No	hg19	chr1	47141621	47141641	-
TFLinkLT04264200	P10914	IRF1	Homo sapiens	chromatin immunoprecipitation assay	21803131	jaspar	No	hg19	chr6	17910613	17910633	-
TFLinkLT04264201	P10914	IRF1	Homo sapiens	chromatin immunoprecipitation assay	21803131	jaspar	No	hg19	chr6	168250717	168250737	-
TFLinkLT04264202	P10914	IRF1	Homo sapiens	chromatin immunoprecipitation assay	21803131	jaspar	No	hg19	chr11	62659971	62659991	+
TFLinkLT04264203	P10914	IRF1	Homo sapiens	chromatin immunoprecipitation assay	21803131	jaspar	No	hg19	chr1	145744320	145744340	+
TFLinkLT04264204	P10914	IRF1	Homo sapiens	chromatin immunoprecipitation assay	21803131	jaspar	No	hg19	chr11	58912179	58912199	-
TFLinkLT04264205	P10914	IRF1	Homo sapiens	chromatin immunoprecipitation assay	21803131	jaspar	No	hg19	chr10	73528851	73528871	+
TFLinkLT04264206	P10914	IRF1	Homo sapiens	chromatin immunoprecipitation assay	21803131	jaspar	No	hg19	chr17	6331048	6331068	-
TFLinkLT04264207	P10914	IRF1	Homo sapiens	chromatin immunoprecipitation assay	21803131	jaspar	No	hg19	chr1	174818413	174818433	+
TFLinkLT04264208	P10914	IRF1	Homo sapiens	chromatin immunoprecipitation assay	21803131	jaspar	No	hg19	chr1	174818456	174818476	-
TFLinkLT04264209	P10914	IRF1	Homo sapiens	chromatin immunoprecipitation assay	21803131	jaspar	No	hg19	chr7	123368127	123368147	+
TFLinkLT04264210	P10914	IRF1	Homo sapiens	chromatin immunoprecipitation assay	21803131	jaspar	No	hg19	chr7	140356519	140356539	-
TFLinkLT04264211	P10914	IRF1	Homo sapiens	chromatin immunoprecipitation assay	21803131	jaspar	No	hg19	chr3	141741380	141741400	-
TFLinkLT04264212	P10914	IRF1	Homo sapiens	chromatin immunoprecipitation assay	21803131	jaspar	No	hg19	chr1	172715648	172715668	+
TFLinkLT04264213	P10914	IRF1	Homo sapiens	chromatin immunoprecipitation assay	21803131	jaspar	No	hg19	chr15	65188076	65188096	-
TFLinkLT04264214	P10914	IRF1	Homo sapiens	chromatin immunoprecipitation assay	21803131	jaspar	No	hg19	chr2	231276621	231276641	+
TFLinkLT04264215	P10914	IRF1	Homo sapiens	chromatin immunoprecipitation assay	21803131	jaspar	No	hg19	chr12	13180128	13180148	-
TFLinkLT04264216	P10914	IRF1	Homo sapiens	chromatin immunoprecipitation assay	21803131	jaspar	No	hg19	chr3	46118251	46118271	+
TFLinkLT04264217	P10914	IRF1	Homo sapiens	chromatin immunoprecipitation assay	21803131	jaspar	No	hg19	chrX	154058499	154058519	-
TFLinkLT04264218	P10914	IRF1	Homo sapiens	chromatin immunoprecipitation assay	21803131	jaspar	No	hg19	chr1	114402313	114402333	-
TFLinkLT04264219	P10914	IRF1	Homo sapiens	chromatin immunoprecipitation assay	21803131	jaspar	No	hg19	chr1	211781045	211781065	+
TFLinkLT04264220	P10914	IRF1	Homo sapiens	chromatin immunoprecipitation assay	21803131	jaspar	No	hg19	chr1	211781075	211781095	+
TFLinkLT04264221	P10914	IRF1	Homo sapiens	chromatin immunoprecipitation assay	21803131	jaspar	No	hg19	chr1	186153568	186153588	-
TFLinkLT04264222	P10914	IRF1	Homo sapiens	chromatin immunoprecipitation assay	21803131	jaspar	No	hg19	chr11	10844962	10844982	-
TFLinkLT04264223	P10914	IRF1	Homo sapiens	chromatin immunoprecipitation assay	21803131	jaspar	No	hg19	chr8	125484777	125484797	-
TFLinkLT04264224	P10914	IRF1	Homo sapiens	chromatin immunoprecipitation assay	21803131	jaspar	No	hg19	chr7	156651147	156651167	+
TFLinkLT04264225	P10914	IRF1	Homo sapiens	chromatin immunoprecipitation assay	21803131	jaspar	No	hg19	chr2	120990019	120990039	-
TFLinkLT04264226	P10914	IRF1	Homo sapiens	chromatin immunoprecipitation assay	21803131	jaspar	No	hg19	chr1	101251168	101251188	-
TFLinkLT04264227	P10914	IRF1	Homo sapiens	chromatin immunoprecipitation assay	21803131	jaspar	No	hg19	chr2	171086426	171086446	-
TFLinkLT04264228	P10914	IRF1	Homo sapiens	chromatin immunoprecipitation assay	21803131	jaspar	No	hg19	chr1	54842901	54842921	-
TFLinkLT04264229	P10914	IRF1	Homo sapiens	chromatin immunoprecipitation assay	21803131	jaspar	No	hg19	chr3	197478005	197478025	+
TFLinkLT04264230	P10914	IRF1	Homo sapiens	chromatin immunoprecipitation assay	21803131	jaspar	No	hg19	chr12	123176310	123176330	-
TFLinkLT04264231	P10914	IRF1	Homo sapiens	chromatin immunoprecipitation assay	21803131	jaspar	No	hg19	chr1	172876609	172876629	+
TFLinkLT04264232	P10914	IRF1	Homo sapiens	chromatin immunoprecipitation assay	21803131	jaspar	No	hg19	chr16	27412080	27412100	-
TFLinkLT04264233	P10914	IRF1	Homo sapiens	chromatin immunoprecipitation assay	21803131	jaspar	No	hg19	chr19	18302980	18303000	+
TFLinkLT04264234	P10914	IRF1	Homo sapiens	chromatin immunoprecipitation assay	21803131	jaspar	No	hg19	chr1	205600427	205600447	+
TFLinkLT04264235	P10914	IRF1	Homo sapiens	chromatin immunoprecipitation assay	21803131	jaspar	No	hg19	chr2	158794738	158794758	+
TFLinkLT04264236	P10914	IRF1	Homo sapiens	chromatin immunoprecipitation assay	21803131	jaspar	No	hg19	chr11	118712286	118712306	-
TFLinkLT04264237	P10914	IRF1	Homo sapiens	chromatin immunoprecipitation assay	21803131	jaspar	No	hg19	chr5	118675758	118675778	-
TFLinkLT04264238	P10914	IRF1	Homo sapiens	chromatin immunoprecipitation assay	21803131	jaspar	No	hg19	chr7	116592073	116592093	+
TFLinkLT04264239	P10914	IRF1	Homo sapiens	chromatin immunoprecipitation assay	21803131	jaspar	No	hg19	chr21	38938109	38938129	-
TFLinkLT04264240	P10914	IRF1	Homo sapiens	chromatin immunoprecipitation assay	21803131	jaspar	No	hg19	chr10	11905867	11905887	+
TFLinkLT04264241	P10914	IRF1	Homo sapiens	chromatin immunoprecipitation assay	21803131	jaspar	No	hg19	chr3	4397277	4397297	+
TFLinkLT04264242	P10914	IRF1	Homo sapiens	chromatin immunoprecipitation assay	21803131	jaspar	No	hg19	chr3	71633681	71633701	-
TFLinkLT04264243	P10914	IRF1	Homo sapiens	chromatin immunoprecipitation assay	21803131	jaspar	No	hg19	chr1	145097911	145097931	+
TFLinkLT04264244	P10914	IRF1	Homo sapiens	chromatin immunoprecipitation assay	21803131	jaspar	No	hg19	chr9	6932151	6932171	-
TFLinkLT04264245	P10914	IRF1	Homo sapiens	chromatin immunoprecipitation assay	21803131	jaspar	No	hg19	chr13	20694575	20694595	-
TFLinkLT04264246	P10914	IRF1	Homo sapiens	chromatin immunoprecipitation assay	21803131	jaspar	No	hg19	chr3	40332064	40332084	+
TFLinkLT04264247	P10914	IRF1	Homo sapiens	chromatin immunoprecipitation assay	21803131	jaspar	No	hg19	chr6	20410011	20410031	-
TFLinkLT04264248	P10914	IRF1	Homo sapiens	chromatin immunoprecipitation assay	21803131	jaspar	No	hg19	chr14	67981627	67981647	-
TFLinkLT04264249	P10914	IRF1	Homo sapiens	chromatin immunoprecipitation assay	21803131	jaspar	No	hg19	chr7	91906006	91906026	+
TFLinkLT04264250	P10914	IRF1	Homo sapiens	chromatin immunoprecipitation assay	21803131	jaspar	No	hg19	chr17	78237367	78237387	-
TFLinkLT04264251	P10914	IRF1	Homo sapiens	chromatin immunoprecipitation assay	21803131	jaspar	No	hg19	chr12	43847726	43847746	+
TFLinkLT04264252	P10914	IRF1	Homo sapiens	chromatin immunoprecipitation assay	21803131	jaspar	No	hg19	chr11	82828551	82828571	+
TFLinkLT04264253	P10914	IRF1	Homo sapiens	chromatin immunoprecipitation assay	21803131	jaspar	No	hg19	chr20	23624473	23624493	+
TFLinkLT04264254	P10914	IRF1	Homo sapiens	chromatin immunoprecipitation assay	21803131	jaspar	No	hg19	chr13	111521804	111521824	-
TFLinkLT04264255	P10914	IRF1	Homo sapiens	chromatin immunoprecipitation assay	21803131	jaspar	No	hg19	chr22	21925512	21925532	-
TFLinkLT04264256	P10914	IRF1	Homo sapiens	chromatin immunoprecipitation assay	21803131	jaspar	No	hg19	chr7	26196087	26196107	+
TFLinkLT04264257	P10914	IRF1	Homo sapiens	chromatin immunoprecipitation assay	21803131	jaspar	No	hg19	chr12	104201756	104201776	-
TFLinkLT04264258	P10914	IRF1	Homo sapiens	chromatin immunoprecipitation assay	21803131	jaspar	No	hg19	chr22	31625872	31625892	-
TFLinkLT04264259	P10914	IRF1	Homo sapiens	chromatin immunoprecipitation assay	21803131	jaspar	No	hg19	chr1	167511712	167511732	+
TFLinkLT04264260	P10914	IRF1	Homo sapiens	chromatin immunoprecipitation assay	21803131	jaspar	No	hg19	chr20	44649379	44649399	+
TFLinkLT04264261	P10914	IRF1	Homo sapiens	chromatin immunoprecipitation assay	21803131	jaspar	No	hg19	chr4	83910919	83910939	+
TFLinkLT04264262	P10914	IRF1	Homo sapiens	chromatin immunoprecipitation assay	21803131	jaspar	No	hg19	chr14	37890286	37890306	-
TFLinkLT04264263	P10914	IRF1	Homo sapiens	chromatin immunoprecipitation assay	21803131	jaspar	No	hg19	chr14	37890338	37890358	+
TFLinkLT04264264	P10914	IRF1	Homo sapiens	chromatin immunoprecipitation assay	21803131	jaspar	No	hg19	chr6	139766832	139766852	-
TFLinkLT04264265	P10914	IRF1	Homo sapiens	chromatin immunoprecipitation assay	21803131	jaspar	No	hg19	chr2	198862809	198862829	-
TFLinkLT04264266	P10914	IRF1	Homo sapiens	chromatin immunoprecipitation assay	21803131	jaspar	No	hg19	chr3	16090312	16090332	-
TFLinkLT04264267	P10914	IRF1	Homo sapiens	chromatin immunoprecipitation assay	21803131	jaspar	No	hg19	chr3	179168346	179168366	-
TFLinkLT04264268	P10914	IRF1	Homo sapiens	chromatin immunoprecipitation assay	21803131	jaspar	No	hg19	chr1	90103171	90103191	-
TFLinkLT04264269	P10914	IRF1	Homo sapiens	chromatin immunoprecipitation assay	21803131	jaspar	No	hg19	chr1	41311003	41311023	+
TFLinkLT04264270	P10914	IRF1	Homo sapiens	chromatin immunoprecipitation assay	21803131	jaspar	No	hg19	chr2	231280846	231280866	+
TFLinkLT04264271	P10914	IRF1	Homo sapiens	chromatin immunoprecipitation assay	21803131	jaspar	No	hg19	chr15	52975998	52976018	+
TFLinkLT04264272	P10914	IRF1	Homo sapiens	chromatin immunoprecipitation assay	21803131	jaspar	No	hg19	chr9	115985015	115985035	-
TFLinkLT04264273	P10914	IRF1	Homo sapiens	chromatin immunoprecipitation assay	21803131	jaspar	No	hg19	chr10	89268840	89268860	-
TFLinkLT04264274	P10914	IRF1	Homo sapiens	chromatin immunoprecipitation assay	21803131	jaspar	No	hg19	chr11	60214219	60214239	-
TFLinkLT04264275	P10914	IRF1	Homo sapiens	chromatin immunoprecipitation assay	21803131	jaspar	No	hg19	chr6	18054069	18054089	+
TFLinkLT04264276	P10914	IRF1	Homo sapiens	chromatin immunoprecipitation assay	21803131	jaspar	No	hg19	chr2	242483529	242483549	+
TFLinkLT04264277	P10914	IRF1	Homo sapiens	chromatin immunoprecipitation assay	21803131	jaspar	No	hg19	chr10	30872761	30872781	+
TFLinkLT04264278	P10914	IRF1	Homo sapiens	chromatin immunoprecipitation assay	21803131	jaspar	No	hg19	chrX	117858985	117859005	-
TFLinkLT04264279	P10914	IRF1	Homo sapiens	chromatin immunoprecipitation assay	21803131	jaspar	No	hg19	chr1	6928857	6928877	-
TFLinkLT04264280	P10914	IRF1	Homo sapiens	chromatin immunoprecipitation assay	21803131	jaspar	No	hg19	chr6	107365704	107365724	+
TFLinkLT04264281	P10914	IRF1	Homo sapiens	chromatin immunoprecipitation assay	21803131	jaspar	No	hg19	chr1	100830456	100830476	-
TFLinkLT04264282	P10914	IRF1	Homo sapiens	chromatin immunoprecipitation assay	21803131	jaspar	No	hg19	chr2	25745215	25745235	-
TFLinkLT04264283	P10914	IRF1	Homo sapiens	chromatin immunoprecipitation assay	21803131	jaspar	No	hg19	chr15	40063898	40063918	-
TFLinkLT04264284	P10914	IRF1	Homo sapiens	chromatin immunoprecipitation assay	21803131	jaspar	No	hg19	chr5	138587003	138587023	+
TFLinkLT04264285	P10914	IRF1	Homo sapiens	chromatin immunoprecipitation assay	21803131	jaspar	No	hg19	chr2	9748187	9748207	+
TFLinkLT04264286	P10914	IRF1	Homo sapiens	chromatin immunoprecipitation assay	21803131	jaspar	No	hg19	chr1	54875323	54875343	+
TFLinkLT04264287	P10914	IRF1	Homo sapiens	chromatin immunoprecipitation assay	21803131	jaspar	No	hg19	chr2	102686780	102686800	-
TFLinkLT04264288	P10914	IRF1	Homo sapiens	chromatin immunoprecipitation assay	21803131	jaspar	No	hg19	chr9	90407968	90407988	+
TFLinkLT04264289	P10914	IRF1	Homo sapiens	chromatin immunoprecipitation assay	21803131	jaspar	No	hg19	chr1	158700450	158700470	+
TFLinkLT04264290	P10914	IRF1	Homo sapiens	chromatin immunoprecipitation assay	21803131	jaspar	No	hg19	chr6	26027661	26027681	+
TFLinkLT04264291	P10914	IRF1	Homo sapiens	chromatin immunoprecipitation assay	21803131	jaspar	No	hg19	chr7	8029489	8029509	-
TFLinkLT04264292	P10914	IRF1	Homo sapiens	chromatin immunoprecipitation assay	21803131	jaspar	No	hg19	chr7	130597875	130597895	+
TFLinkLT04264293	P10914	IRF1	Homo sapiens	chromatin immunoprecipitation assay	21803131	jaspar	No	hg19	chr6	7722142	7722162	-
TFLinkLT04264294	P10914	IRF1	Homo sapiens	chromatin immunoprecipitation assay	21803131	jaspar	No	hg19	chr1	184915328	184915348	-
TFLinkLT04264295	P10914	IRF1	Homo sapiens	chromatin immunoprecipitation assay	21803131	jaspar	No	hg19	chr1	184915358	184915378	+
TFLinkLT04264296	P10914	IRF1	Homo sapiens	chromatin immunoprecipitation assay	21803131	jaspar	No	hg19	chr1	222182625	222182645	+
TFLinkLT04264297	P10914	IRF1	Homo sapiens	chromatin immunoprecipitation assay	21803131	jaspar	No	hg19	chr6	84662748	84662768	+
TFLinkLT04264298	P10914	IRF1	Homo sapiens	chromatin immunoprecipitation assay	21803131	jaspar	No	hg19	chr17	46386056	46386076	+
TFLinkLT04264299	P10914	IRF1	Homo sapiens	chromatin immunoprecipitation assay	21803131	jaspar	No	hg19	chr17	46386101	46386121	+
TFLinkLT04264300	P10914	IRF1	Homo sapiens	chromatin immunoprecipitation assay	21803131	jaspar	No	hg19	chr19	33568918	33568938	-
TFLinkLT04264301	P10914	IRF1	Homo sapiens	chromatin immunoprecipitation assay	21803131	jaspar	No	hg19	chr6	15363157	15363177	+
TFLinkLT04264302	P10914	IRF1	Homo sapiens	chromatin immunoprecipitation assay	21803131	jaspar	No	hg19	chr1	156085963	156085983	+
TFLinkLT04264303	P10914	IRF1	Homo sapiens	chromatin immunoprecipitation assay	21803131	jaspar	No	hg19	chr7	106005789	106005809	+
TFLinkLT04264304	P10914	IRF1	Homo sapiens	chromatin immunoprecipitation assay	21803131	jaspar	No	hg19	chr15	56586399	56586419	+
TFLinkLT04264305	P10914	IRF1	Homo sapiens	chromatin immunoprecipitation assay	21803131	jaspar	No	hg19	chr8	67026492	67026512	+
TFLinkLT04264306	P10914	IRF1	Homo sapiens	chromatin immunoprecipitation assay	21803131	jaspar	No	hg19	chr8	67026514	67026534	+
TFLinkLT04264307	P10914	IRF1	Homo sapiens	chromatin immunoprecipitation assay	21803131	jaspar	No	hg19	chr11	16301951	16301971	+
TFLinkLT04264308	P10914	IRF1	Homo sapiens	chromatin immunoprecipitation assay	21803131	jaspar	No	hg19	chr21	45285757	45285777	+
TFLinkLT04264309	P10914	IRF1	Homo sapiens	chromatin immunoprecipitation assay	21803131	jaspar	No	hg19	chr4	40553333	40553353	+
TFLinkLT04264310	P10914	IRF1	Homo sapiens	chromatin immunoprecipitation assay	21803131	jaspar	No	hg19	chr3	151911493	151911513	-
TFLinkLT04264311	P10914	IRF1	Homo sapiens	chromatin immunoprecipitation assay	21803131	jaspar	No	hg19	chr11	10679184	10679204	+
TFLinkLT04264312	P10914	IRF1	Homo sapiens	chromatin immunoprecipitation assay	21803131	jaspar	No	hg19	chr11	10679211	10679231	-
TFLinkLT04264313	P10914	IRF1	Homo sapiens	chromatin immunoprecipitation assay	21803131	jaspar	No	hg19	chr16	56798815	56798835	-
TFLinkLT04264314	P10914	IRF1	Homo sapiens	chromatin immunoprecipitation assay	21803131	jaspar	No	hg19	chr5	43009573	43009593	-
TFLinkLT04264315	P10914	IRF1	Homo sapiens	chromatin immunoprecipitation assay	21803131	jaspar	No	hg19	chr10	11752891	11752911	-
TFLinkLT04264316	P10914	IRF1	Homo sapiens	chromatin immunoprecipitation assay	21803131	jaspar	No	hg19	chr9	101899743	101899763	+
TFLinkLT04264317	P10914	IRF1	Homo sapiens	chromatin immunoprecipitation assay	21803131	jaspar	No	hg19	chr18	72191541	72191561	+
TFLinkLT04264318	P10914	IRF1	Homo sapiens	chromatin immunoprecipitation assay	21803131	jaspar	No	hg19	chr6	21914449	21914469	-
TFLinkLT04264319	P10914	IRF1	Homo sapiens	chromatin immunoprecipitation assay	21803131	jaspar	No	hg19	chr17	26500355	26500375	+
TFLinkLT04264320	P10914	IRF1	Homo sapiens	chromatin immunoprecipitation assay	21803131	jaspar	No	hg19	chr2	146515195	146515215	-
TFLinkLT04264321	P10914	IRF1	Homo sapiens	chromatin immunoprecipitation assay	21803131	jaspar	No	hg19	chr11	94372114	94372134	+
TFLinkLT04264322	P10914	IRF1	Homo sapiens	chromatin immunoprecipitation assay	21803131	jaspar	No	hg19	chr4	147096878	147096898	+
TFLinkLT04264323	P10914	IRF1	Homo sapiens	chromatin immunoprecipitation assay	21803131	jaspar	No	hg19	chr4	110733024	110733044	+
TFLinkLT04264324	P10914	IRF1	Homo sapiens	chromatin immunoprecipitation assay	21803131	jaspar	No	hg19	chr1	6629478	6629498	-
TFLinkLT04264325	P10914	IRF1	Homo sapiens	chromatin immunoprecipitation assay	21803131	jaspar	No	hg19	chr9	35924367	35924387	-
TFLinkLT04264326	P10914	IRF1	Homo sapiens	chromatin immunoprecipitation assay	21803131	jaspar	No	hg19	chr5	77779696	77779716	+
TFLinkLT04264327	P10914	IRF1	Homo sapiens	chromatin immunoprecipitation assay	21803131	jaspar	No	hg19	chr2	135531678	135531698	-
TFLinkLT04264328	P10914	IRF1	Homo sapiens	chromatin immunoprecipitation assay	21803131	jaspar	No	hg19	chr7	42971159	42971179	+
TFLinkLT04264329	P10914	IRF1	Homo sapiens	chromatin immunoprecipitation assay	21803131	jaspar	No	hg19	chr7	42971201	42971221	-
TFLinkLT04264330	P10914	IRF1	Homo sapiens	chromatin immunoprecipitation assay	21803131	jaspar	No	hg19	chr8	99318520	99318540	-
TFLinkLT04264331	P10914	IRF1	Homo sapiens	chromatin immunoprecipitation assay	21803131	jaspar	No	hg19	chr14	55799495	55799515	+
TFLinkLT04264332	P10914	IRF1	Homo sapiens	chromatin immunoprecipitation assay	21803131	jaspar	No	hg19	chr2	169952233	169952253	-
TFLinkLT04264333	P10914	IRF1	Homo sapiens	chromatin immunoprecipitation assay	21803131	jaspar	No	hg19	chr17	67089591	67089611	-
TFLinkLT04264334	P10914	IRF1	Homo sapiens	chromatin immunoprecipitation assay	21803131	jaspar	No	hg19	chr19	3359696	3359716	+
TFLinkLT04264335	P10914	IRF1	Homo sapiens	chromatin immunoprecipitation assay	21803131	jaspar	No	hg19	chr11	320880	320900	+
TFLinkLT04264336	P10914	IRF1	Homo sapiens	chromatin immunoprecipitation assay	21803131	jaspar	No	hg19	chr15	95402110	95402130	+
TFLinkLT04264337	P10914	IRF1	Homo sapiens	chromatin immunoprecipitation assay	21803131	jaspar	No	hg19	chr1	110453481	110453501	-
TFLinkLT04264338	P10914	IRF1	Homo sapiens	chromatin immunoprecipitation assay	21803131	jaspar	No	hg19	chr17	29778579	29778599	+
TFLinkLT04264339	P10914	IRF1	Homo sapiens	chromatin immunoprecipitation assay	21803131	jaspar	No	hg19	chr4	80273702	80273722	-
TFLinkLT04264340	P10914	IRF1	Homo sapiens	chromatin immunoprecipitation assay	21803131	jaspar	No	hg19	chr7	30485594	30485614	+
TFLinkLT04264341	P10914	IRF1	Homo sapiens	chromatin immunoprecipitation assay	21803131	jaspar	No	hg19	chr6	138089765	138089785	+
TFLinkLT04264342	P10914	IRF1	Homo sapiens	chromatin immunoprecipitation assay	21803131	jaspar	No	hg19	chr9	111885549	111885569	-
TFLinkLT04264343	P10914	IRF1	Homo sapiens	chromatin immunoprecipitation assay	21803131	jaspar	No	hg19	chr4	79657043	79657063	+
TFLinkLT04264344	P10914	IRF1	Homo sapiens	chromatin immunoprecipitation assay	21803131	jaspar	No	hg19	chr7	100144537	100144557	+
TFLinkLT04264345	P10914	IRF1	Homo sapiens	chromatin immunoprecipitation assay	21803131	jaspar	No	hg19	chr12	63154742	63154762	+
TFLinkLT04264346	P10914	IRF1	Homo sapiens	chromatin immunoprecipitation assay	21803131	jaspar	No	hg19	chr1	235491689	235491709	-
TFLinkLT04264347	P10914	IRF1	Homo sapiens	chromatin immunoprecipitation assay	21803131	jaspar	No	hg19	chr1	234793285	234793305	+
TFLinkLT04264348	P10914	IRF1	Homo sapiens	chromatin immunoprecipitation assay	21803131	jaspar	No	hg19	chr11	76452035	76452055	-
TFLinkLT04264349	P10914	IRF1	Homo sapiens	chromatin immunoprecipitation assay	21803131	jaspar	No	hg19	chr7	138796825	138796845	-
TFLinkLT04264350	P10914	IRF1	Homo sapiens	chromatin immunoprecipitation assay	21803131	jaspar	No	hg19	chr7	138796863	138796883	-
TFLinkLT04264351	P10914	IRF1	Homo sapiens	chromatin immunoprecipitation assay	21803131	jaspar	No	hg19	chr14	68677658	68677678	+
TFLinkLT04264352	P10914	IRF1	Homo sapiens	chromatin immunoprecipitation assay	21803131	jaspar	No	hg19	chr16	23568880	23568900	-
TFLinkLT04264353	P10914	IRF1	Homo sapiens	chromatin immunoprecipitation assay	21803131	jaspar	No	hg19	chr9	130840954	130840974	-
TFLinkLT04264354	P10914	IRF1	Homo sapiens	chromatin immunoprecipitation assay	21803131	jaspar	No	hg19	chr3	36918058	36918078	-
TFLinkLT04264355	P10914	IRF1	Homo sapiens	chromatin immunoprecipitation assay	21803131	jaspar	No	hg19	chr6	47382663	47382683	-
TFLinkLT04264356	P10914	IRF1	Homo sapiens	chromatin immunoprecipitation assay	21803131	jaspar	No	hg19	chr6	47382687	47382707	-
TFLinkLT04264357	P10914	IRF1	Homo sapiens	chromatin immunoprecipitation assay	21803131	jaspar	No	hg19	chr7	103559900	103559920	+
TFLinkLT04264358	P10914	IRF1	Homo sapiens	chromatin immunoprecipitation assay	21803131	jaspar	No	hg19	chr2	219582186	219582206	+
TFLinkLT04264359	P10914	IRF1	Homo sapiens	chromatin immunoprecipitation assay	21803131	jaspar	No	hg19	chr17	71301569	71301589	+
TFLinkLT04264360	P10914	IRF1	Homo sapiens	chromatin immunoprecipitation assay	21803131	jaspar	No	hg19	chr19	41571076	41571096	-
TFLinkLT04264361	P10914	IRF1	Homo sapiens	chromatin immunoprecipitation assay	21803131	jaspar	No	hg19	chr19	41571099	41571119	+
TFLinkLT04264362	P10914	IRF1	Homo sapiens	chromatin immunoprecipitation assay	21803131	jaspar	No	hg19	chr7	12606978	12606998	-
TFLinkLT04264363	P10914	IRF1	Homo sapiens	chromatin immunoprecipitation assay	21803131	jaspar	No	hg19	chr3	142902174	142902194	-
TFLinkLT04264364	P10914	IRF1	Homo sapiens	chromatin immunoprecipitation assay	21803131	jaspar	No	hg19	chr22	47891071	47891091	+
TFLinkLT04264365	P10914	IRF1	Homo sapiens	chromatin immunoprecipitation assay	21803131	jaspar	No	hg19	chr22	47891109	47891129	+
TFLinkLT04264366	P10914	IRF1	Homo sapiens	chromatin immunoprecipitation assay	21803131	jaspar	No	hg19	chr15	45004880	45004900	+
TFLinkLT04264367	P10914	IRF1	Homo sapiens	chromatin immunoprecipitation assay	21803131	jaspar	No	hg19	chr17	38984201	38984221	+
TFLinkLT04264368	P10914	IRF1	Homo sapiens	chromatin immunoprecipitation assay	21803131	jaspar	No	hg19	chr15	96675515	96675535	+
TFLinkLT04264369	P10914	IRF1	Homo sapiens	chromatin immunoprecipitation assay	21803131	jaspar	No	hg19	chr5	156971773	156971793	-
TFLinkLT04264370	P10914	IRF1	Homo sapiens	chromatin immunoprecipitation assay	21803131	jaspar	No	hg19	chr4	173914310	173914330	-
TFLinkLT04264371	P10914	IRF1	Homo sapiens	chromatin immunoprecipitation assay	21803131	jaspar	No	hg19	chr13	36907324	36907344	+
TFLinkLT04264372	P10914	IRF1	Homo sapiens	chromatin immunoprecipitation assay	21803131	jaspar	No	hg19	chr6	109441732	109441752	+
TFLinkLT04264373	P10914	IRF1	Homo sapiens	chromatin immunoprecipitation assay	21803131	jaspar	No	hg19	chr3	4842502	4842522	+
TFLinkLT04264374	P10914	IRF1	Homo sapiens	chromatin immunoprecipitation assay	21803131	jaspar	No	hg19	chr6	146070936	146070956	+
TFLinkLT04264375	P10914	IRF1	Homo sapiens	chromatin immunoprecipitation assay	21803131	jaspar	No	hg19	chr8	26150628	26150648	+
TFLinkLT04264376	P10914	IRF1	Homo sapiens	chromatin immunoprecipitation assay	21803131	jaspar	No	hg19	chr13	60042671	60042691	+
TFLinkLT04264377	P10914	IRF1	Homo sapiens	chromatin immunoprecipitation assay	21803131	jaspar	No	hg19	chr3	48514491	48514511	+
TFLinkLT04264378	P10914	IRF1	Homo sapiens	chromatin immunoprecipitation assay	21803131	jaspar	No	hg19	chr3	48514515	48514535	-
TFLinkLT04264379	P10914	IRF1	Homo sapiens	chromatin immunoprecipitation assay	21803131	jaspar	No	hg19	chr6	15366336	15366356	+
TFLinkLT04264380	P10914	IRF1	Homo sapiens	chromatin immunoprecipitation assay	21803131	jaspar	No	hg19	chr6	27568826	27568846	+
TFLinkLT04264381	P10914	IRF1	Homo sapiens	chromatin immunoprecipitation assay	21803131	jaspar	No	hg19	chr3	151961245	151961265	+
TFLinkLT04264382	P10914	IRF1	Homo sapiens	chromatin immunoprecipitation assay	21803131	jaspar	No	hg19	chr4	77903918	77903938	+
TFLinkLT04264383	P10914	IRF1	Homo sapiens	chromatin immunoprecipitation assay	21803131	jaspar	No	hg19	chr3	115391101	115391121	-
TFLinkLT04264384	P10914	IRF1	Homo sapiens	chromatin immunoprecipitation assay	21803131	jaspar	No	hg19	chr1	145012724	145012744	-
TFLinkLT04264385	P10914	IRF1	Homo sapiens	chromatin immunoprecipitation assay	21803131	jaspar	No	hg19	chr1	145012767	145012787	+
TFLinkLT04264386	P10914	IRF1	Homo sapiens	chromatin immunoprecipitation assay	21803131	jaspar	No	hg19	chr10	30707734	30707754	-
TFLinkLT04264387	P10914	IRF1	Homo sapiens	chromatin immunoprecipitation assay	21803131	jaspar	No	hg19	chr10	30707774	30707794	-
TFLinkLT04264388	P10914	IRF1	Homo sapiens	chromatin immunoprecipitation assay	21803131	jaspar	No	hg19	chr12	47754743	47754763	-
TFLinkLT04264389	P10914	IRF1	Homo sapiens	chromatin immunoprecipitation assay	21803131	jaspar	No	hg19	chrX	12968435	12968455	-
TFLinkLT04264390	P10914	IRF1	Homo sapiens	chromatin immunoprecipitation assay	21803131	jaspar	No	hg19	chr16	3208733	3208753	-
TFLinkLT04264391	P10914	IRF1	Homo sapiens	chromatin immunoprecipitation assay	21803131	jaspar	No	hg19	chr14	70883769	70883789	+
TFLinkLT04264392	P10914	IRF1	Homo sapiens	chromatin immunoprecipitation assay	21803131	jaspar	No	hg19	chr1	154948295	154948315	-
TFLinkLT04264393	P10914	IRF1	Homo sapiens	chromatin immunoprecipitation assay	21803131	jaspar	No	hg19	chr12	94134655	94134675	+
TFLinkLT04264394	P10914	IRF1	Homo sapiens	chromatin immunoprecipitation assay	21803131	jaspar	No	hg19	chr4	236137	236157	-
TFLinkLT04264395	P10914	IRF1	Homo sapiens	chromatin immunoprecipitation assay	21803131	jaspar	No	hg19	chr7	5461833	5461853	+
TFLinkLT04264396	P10914	IRF1	Homo sapiens	chromatin immunoprecipitation assay	21803131	jaspar	No	hg19	chr11	14522091	14522111	+
TFLinkLT04264397	P10914	IRF1	Homo sapiens	chromatin immunoprecipitation assay	21803131	jaspar	No	hg19	chr1	78224910	78224930	-
TFLinkLT04264398	P10914	IRF1	Homo sapiens	chromatin immunoprecipitation assay	21803131	jaspar	No	hg19	chrX	119619635	119619655	-
TFLinkLT04264399	P10914	IRF1	Homo sapiens	chromatin immunoprecipitation assay	21803131	jaspar	No	hg19	chr11	64240527	64240547	-
TFLinkLT04264400	P10914	IRF1	Homo sapiens	chromatin immunoprecipitation assay	21803131	jaspar	No	hg19	chr5	85802430	85802450	+
TFLinkLT04264401	P10914	IRF1	Homo sapiens	chromatin immunoprecipitation assay	21803131	jaspar	No	hg19	chr10	91174274	91174294	+
TFLinkLT04264402	P10914	IRF1	Homo sapiens	chromatin immunoprecipitation assay	21803131	jaspar	No	hg19	chr11	62607180	62607200	-
TFLinkLT04264403	P10914	IRF1	Homo sapiens	chromatin immunoprecipitation assay	21803131	jaspar	No	hg19	chr8	129005589	129005609	-
TFLinkLT04264404	P10914	IRF1	Homo sapiens	chromatin immunoprecipitation assay	21803131	jaspar	No	hg19	chr2	84013437	84013457	-
TFLinkLT04264405	P10914	IRF1	Homo sapiens	chromatin immunoprecipitation assay	21803131	jaspar	No	hg19	chr3	4546132	4546152	-
TFLinkLT04264406	P10914	IRF1	Homo sapiens	chromatin immunoprecipitation assay	21803131	jaspar	No	hg19	chr3	4264382	4264402	-
TFLinkLT04264407	P10914	IRF1	Homo sapiens	chromatin immunoprecipitation assay	21803131	jaspar	No	hg19	chr2	202088229	202088249	+
TFLinkLT04264408	P10914	IRF1	Homo sapiens	chromatin immunoprecipitation assay	21803131	jaspar	No	hg19	chr8	38801319	38801339	-
TFLinkLT04264409	P10914	IRF1	Homo sapiens	chromatin immunoprecipitation assay	21803131	jaspar	No	hg19	chr11	86741896	86741916	-
TFLinkLT04264410	P10914	IRF1	Homo sapiens	chromatin immunoprecipitation assay	21803131	jaspar	No	hg19	chr3	142166813	142166833	-
TFLinkLT04264411	P10914	IRF1	Homo sapiens	chromatin immunoprecipitation assay	21803131	jaspar	No	hg19	chr10	91589353	91589373	+
TFLinkLT04264412	P10914	IRF1	Homo sapiens	chromatin immunoprecipitation assay	21803131	jaspar	No	hg19	chr6	169852276	169852296	+
TFLinkLT04264413	P10914	IRF1	Homo sapiens	chromatin immunoprecipitation assay	21803131	jaspar	No	hg19	chr2	12417746	12417766	-
TFLinkLT04264414	P10914	IRF1	Homo sapiens	chromatin immunoprecipitation assay	21803131	jaspar	No	hg19	chr10	13133940	13133960	-
TFLinkLT04264415	P10914	IRF1	Homo sapiens	chromatin immunoprecipitation assay	21803131	jaspar	No	hg19	chr5	10303897	10303917	-
TFLinkLT04264416	P10914	IRF1	Homo sapiens	chromatin immunoprecipitation assay	21803131	jaspar	No	hg19	chr9	140533817	140533837	+
TFLinkLT04264417	P10914	IRF1	Homo sapiens	chromatin immunoprecipitation assay	21803131	jaspar	No	hg19	chr2	7005926	7005946	-
TFLinkLT04264418	P10914	IRF1	Homo sapiens	chromatin immunoprecipitation assay	21803131	jaspar	No	hg19	chr17	37910856	37910876	+
TFLinkLT04264419	P10914	IRF1	Homo sapiens	chromatin immunoprecipitation assay	21803131	jaspar	No	hg19	chr6	28726247	28726267	+
TFLinkLT04264420	P10914	IRF1	Homo sapiens	chromatin immunoprecipitation assay	21803131	jaspar	No	hg19	chr8	27173028	27173048	+
TFLinkLT04264421	P10914	IRF1	Homo sapiens	chromatin immunoprecipitation assay	21803131	jaspar	No	hg19	chr2	178418181	178418201	+
TFLinkLT04264422	P10914	IRF1	Homo sapiens	chromatin immunoprecipitation assay	21803131	jaspar	No	hg19	chr4	17550848	17550868	-
TFLinkLT04264423	P10914	IRF1	Homo sapiens	chromatin immunoprecipitation assay	21803131	jaspar	No	hg19	chr14	25517460	25517480	+
TFLinkLT04264424	P10914	IRF1	Homo sapiens	chromatin immunoprecipitation assay	21803131	jaspar	No	hg19	chr6	15404812	15404832	-
TFLinkLT04264425	P10914	IRF1	Homo sapiens	chromatin immunoprecipitation assay	21803131	jaspar	No	hg19	chr15	96228131	96228151	+
TFLinkLT04264426	P10914	IRF1	Homo sapiens	chromatin immunoprecipitation assay	21803131	jaspar	No	hg19	chr1	221608868	221608888	+
TFLinkLT04264427	P10914	IRF1	Homo sapiens	chromatin immunoprecipitation assay	21803131	jaspar	No	hg19	chr10	39114416	39114436	-
TFLinkLT04264428	P10914	IRF1	Homo sapiens	chromatin immunoprecipitation assay	21803131	jaspar	No	hg19	chr1	229439768	229439788	+
TFLinkLT04264429	P10914	IRF1	Homo sapiens	chromatin immunoprecipitation assay	21803131	jaspar	No	hg19	chr6	84302737	84302757	-
TFLinkLT04264430	P10914	IRF1	Homo sapiens	chromatin immunoprecipitation assay	21803131	jaspar	No	hg19	chr17	57232779	57232799	+
TFLinkLT04264431	P10914	IRF1	Homo sapiens	chromatin immunoprecipitation assay	21803131	jaspar	No	hg19	chr1	114201752	114201772	-
TFLinkLT04264432	P10914	IRF1	Homo sapiens	chromatin immunoprecipitation assay	21803131	jaspar	No	hg19	chr4	81046658	81046678	+
TFLinkLT04264433	P10914	IRF1	Homo sapiens	chromatin immunoprecipitation assay	21803131	jaspar	No	hg19	chr17	5129649	5129669	-
TFLinkLT04264434	P10914	IRF1	Homo sapiens	chromatin immunoprecipitation assay	21803131	jaspar	No	hg19	chr6	91168335	91168355	-
TFLinkLT04264435	P10914	IRF1	Homo sapiens	chromatin immunoprecipitation assay	21803131	jaspar	No	hg19	chr12	31806229	31806249	+
TFLinkLT04264436	P10914	IRF1	Homo sapiens	chromatin immunoprecipitation assay	21803131	jaspar	No	hg19	chr3	46449051	46449071	+
TFLinkLT04264437	P10914	IRF1	Homo sapiens	chromatin immunoprecipitation assay	21803131	jaspar	No	hg19	chr2	12592011	12592031	+
TFLinkLT04264438	P10914	IRF1	Homo sapiens	chromatin immunoprecipitation assay	21803131	jaspar	No	hg19	chr17	65780579	65780599	-
TFLinkLT04264439	P10914	IRF1	Homo sapiens	chromatin immunoprecipitation assay	21803131	jaspar	No	hg19	chr2	26635284	26635304	+
TFLinkLT04264440	P10914	IRF1	Homo sapiens	chromatin immunoprecipitation assay	21803131	jaspar	No	hg19	chr20	54987307	54987327	+
TFLinkLT04264441	P10914	IRF1	Homo sapiens	chromatin immunoprecipitation assay	21803131	jaspar	No	hg19	chr10	126199223	126199243	+
TFLinkLT04264442	P10914	IRF1	Homo sapiens	chromatin immunoprecipitation assay	21803131	jaspar	No	hg19	chr15	52135790	52135810	+
TFLinkLT04264443	P10914	IRF1	Homo sapiens	chromatin immunoprecipitation assay	21803131	jaspar	No	hg19	chr5	138310993	138311013	-
TFLinkLT04264444	P10914	IRF1	Homo sapiens	chromatin immunoprecipitation assay	21803131	jaspar	No	hg19	chr12	71630291	71630311	-
TFLinkLT04264445	P10914	IRF1	Homo sapiens	chromatin immunoprecipitation assay	21803131	jaspar	No	hg19	chrX	153058929	153058949	-
TFLinkLT04264446	P10914	IRF1	Homo sapiens	chromatin immunoprecipitation assay	21803131	jaspar	No	hg19	chr7	111078750	111078770	-
TFLinkLT04264447	P10914	IRF1	Homo sapiens	chromatin immunoprecipitation assay	21803131	jaspar	No	hg19	chr11	69066061	69066081	+
TFLinkLT04264448	P10914	IRF1	Homo sapiens	chromatin immunoprecipitation assay	21803131	jaspar	No	hg19	chr11	69066092	69066112	+
TFLinkLT04264449	P10914	IRF1	Homo sapiens	chromatin immunoprecipitation assay	21803131	jaspar	No	hg19	chr19	49625283	49625303	+
TFLinkLT04264450	P10914	IRF1	Homo sapiens	chromatin immunoprecipitation assay	21803131	jaspar	No	hg19	chr9	101877458	101877478	+
TFLinkLT04264451	P10914	IRF1	Homo sapiens	chromatin immunoprecipitation assay	21803131	jaspar	No	hg19	chr17	68133731	68133751	+
TFLinkLT04264452	P10914	IRF1	Homo sapiens	chromatin immunoprecipitation assay	21803131	jaspar	No	hg19	chr3	47356915	47356935	-
TFLinkLT04264453	P10914	IRF1	Homo sapiens	chromatin immunoprecipitation assay	21803131	jaspar	No	hg19	chr22	19097166	19097186	+
TFLinkLT04264454	P10914	IRF1	Homo sapiens	chromatin immunoprecipitation assay	21803131	jaspar	No	hg19	chr19	50220860	50220880	+
TFLinkLT04264455	P10914	IRF1	Homo sapiens	chromatin immunoprecipitation assay	21803131	jaspar	No	hg19	chr7	92776966	92776986	+
TFLinkLT04264456	P10914	IRF1	Homo sapiens	chromatin immunoprecipitation assay	21803131	jaspar	No	hg19	chr6	236052	236072	+
TFLinkLT04264457	P10914	IRF1	Homo sapiens	chromatin immunoprecipitation assay	21803131	jaspar	No	hg19	chr9	131795683	131795703	-
TFLinkLT04264458	P10914	IRF1	Homo sapiens	chromatin immunoprecipitation assay	21803131	jaspar	No	hg19	chr18	61035031	61035051	+
TFLinkLT04264459	P10914	IRF1	Homo sapiens	chromatin immunoprecipitation assay	21803131	jaspar	No	hg19	chr3	19189032	19189052	+
TFLinkLT04264460	P10914	IRF1	Homo sapiens	chromatin immunoprecipitation assay	21803131	jaspar	No	hg19	chr1	114328847	114328867	-
TFLinkLT04264461	P10914	IRF1	Homo sapiens	chromatin immunoprecipitation assay	21803131	jaspar	No	hg19	chr2	9861691	9861711	-
TFLinkLT04264462	P10914	IRF1	Homo sapiens	chromatin immunoprecipitation assay	21803131	jaspar	No	hg19	chr3	45709757	45709777	+
TFLinkLT04264463	P10914	IRF1	Homo sapiens	chromatin immunoprecipitation assay	21803131	jaspar	No	hg19	chr10	38810292	38810312	-
TFLinkLT04264464	P10914	IRF1	Homo sapiens	chromatin immunoprecipitation assay	21803131	jaspar	No	hg19	chr2	200317121	200317141	+
TFLinkLT04264465	P10914	IRF1	Homo sapiens	chromatin immunoprecipitation assay	21803131	jaspar	No	hg19	chr17	79779846	79779866	+
TFLinkLT04264466	P10914	IRF1	Homo sapiens	chromatin immunoprecipitation assay	21803131	jaspar	No	hg19	chr10	42360516	42360536	+
TFLinkLT04264467	P10914	IRF1	Homo sapiens	chromatin immunoprecipitation assay	21803131	jaspar	No	hg19	chr11	115195468	115195488	+
TFLinkLT04264468	P10914	IRF1	Homo sapiens	chromatin immunoprecipitation assay	21803131	jaspar	No	hg19	chr6	25962996	25963016	+
TFLinkLT04264469	P10914	IRF1	Homo sapiens	chromatin immunoprecipitation assay	21803131	jaspar	No	hg19	chr22	40573789	40573809	-
TFLinkLT04264470	P10914	IRF1	Homo sapiens	chromatin immunoprecipitation assay	21803131	jaspar	No	hg19	chr12	98972830	98972850	-
TFLinkLT04264471	P10914	IRF1	Homo sapiens	chromatin immunoprecipitation assay	21803131	jaspar	No	hg19	chr11	125387325	125387345	-
TFLinkLT04264472	P10914	IRF1	Homo sapiens	chromatin immunoprecipitation assay	21803131	jaspar	No	hg19	chr17	43140810	43140830	-
TFLinkLT04264473	P10914	IRF1	Homo sapiens	chromatin immunoprecipitation assay	21803131	jaspar	No	hg19	chr2	146481768	146481788	-
TFLinkLT04264474	P10914	IRF1	Homo sapiens	chromatin immunoprecipitation assay	21803131	jaspar	No	hg19	chr16	58826353	58826373	+
TFLinkLT04264475	P10914	IRF1	Homo sapiens	chromatin immunoprecipitation assay	21803131	jaspar	No	hg19	chr4	974580	974600	-
TFLinkLT04264476	P10914	IRF1	Homo sapiens	chromatin immunoprecipitation assay	21803131	jaspar	No	hg19	chr4	974616	974636	-
TFLinkLT04264477	P10914	IRF1	Homo sapiens	chromatin immunoprecipitation assay	21803131	jaspar	No	hg19	chr2	97584465	97584485	-
TFLinkLT04264478	P10914	IRF1	Homo sapiens	chromatin immunoprecipitation assay	21803131	jaspar	No	hg19	chr10	39129727	39129747	-
TFLinkLT04264479	P10914	IRF1	Homo sapiens	chromatin immunoprecipitation assay	21803131	jaspar	No	hg19	chr1	146556045	146556065	+
TFLinkLT04264480	P10914	IRF1	Homo sapiens	chromatin immunoprecipitation assay	21803131	jaspar	No	hg19	chr6	49614204	49614224	+
TFLinkLT04264481	P10914	IRF1	Homo sapiens	chromatin immunoprecipitation assay	21803131	jaspar	No	hg19	chr3	14170282	14170302	-
TFLinkLT04264482	P10914	IRF1	Homo sapiens	chromatin immunoprecipitation assay	21803131	jaspar	No	hg19	chr10	39113456	39113476	+
TFLinkLT04264483	P10914	IRF1	Homo sapiens	chromatin immunoprecipitation assay	21803131	jaspar	No	hg19	chr2	223654195	223654215	+
TFLinkLT04264484	P10914	IRF1	Homo sapiens	chromatin immunoprecipitation assay	21803131	jaspar	No	hg19	chr14	96831528	96831548	-
TFLinkLT04264485	P10914	IRF1	Homo sapiens	chromatin immunoprecipitation assay	21803131	jaspar	No	hg19	chr10	38869255	38869275	-
TFLinkLT04264486	P10914	IRF1	Homo sapiens	chromatin immunoprecipitation assay	21803131	jaspar	No	hg19	chr10	25516217	25516237	-
TFLinkLT04264487	P10914	IRF1	Homo sapiens	chromatin immunoprecipitation assay	21803131	jaspar	No	hg19	chr10	39127403	39127423	-
TFLinkLT04264488	P10914	IRF1	Homo sapiens	chromatin immunoprecipitation assay	21803131	jaspar	No	hg19	chr2	162135480	162135500	+
TFLinkLT04264489	P10914	IRF1	Homo sapiens	chromatin immunoprecipitation assay	21803131	jaspar	No	hg19	chr1	222817660	222817680	-
TFLinkLT04264490	P10914	IRF1	Homo sapiens	chromatin immunoprecipitation assay	21803131	jaspar	No	hg19	chr1	65878260	65878280	-
TFLinkLT04264491	P10914	IRF1	Homo sapiens	chromatin immunoprecipitation assay	21803131	jaspar	No	hg19	chr2	173465595	173465615	+
TFLinkLT04264492	P10914	IRF1	Homo sapiens	chromatin immunoprecipitation assay	21803131	jaspar	No	hg19	chr11	9285504	9285524	-
TFLinkLT04264493	P10914	IRF1	Homo sapiens	chromatin immunoprecipitation assay	21803131	jaspar	No	hg19	chr11	9285528	9285548	-
TFLinkLT04264494	P10914	IRF1	Homo sapiens	chromatin immunoprecipitation assay	21803131	jaspar	No	hg19	chr17	1433656	1433676	-
TFLinkLT04264495	P10914	IRF1	Homo sapiens	chromatin immunoprecipitation assay	21803131	jaspar	No	hg19	chr17	46094995	46095015	-
TFLinkLT04264496	P10914	IRF1	Homo sapiens	chromatin immunoprecipitation assay	21803131	jaspar	No	hg19	chr1	229140112	229140132	-
TFLinkLT04264497	P10914	IRF1	Homo sapiens	chromatin immunoprecipitation assay	21803131	jaspar	No	hg19	chr3	24560972	24560992	-
TFLinkLT04264498	P10914	IRF1	Homo sapiens	chromatin immunoprecipitation assay	21803131	jaspar	No	hg19	chr7	139942457	139942477	-
TFLinkLT04264499	P10914	IRF1	Homo sapiens	chromatin immunoprecipitation assay	21803131	jaspar	No	hg19	chr7	92439168	92439188	-
TFLinkLT04264500	P10914	IRF1	Homo sapiens	chromatin immunoprecipitation assay	21803131	jaspar	No	hg19	chr3	31532700	31532720	+
TFLinkLT04264501	P10914	IRF1	Homo sapiens	chromatin immunoprecipitation assay	21803131	jaspar	No	hg19	chr6	3410120	3410140	-
TFLinkLT04264502	P10914	IRF1	Homo sapiens	chromatin immunoprecipitation assay	21803131	jaspar	No	hg19	chr1	78521589	78521609	-
TFLinkLT04264503	P10914	IRF1	Homo sapiens	chromatin immunoprecipitation assay	21803131	jaspar	No	hg19	chr12	50665872	50665892	+
TFLinkLT04264504	P10914	IRF1	Homo sapiens	chromatin immunoprecipitation assay	21803131	jaspar	No	hg19	chr6	109625780	109625800	-
TFLinkLT04264505	P10914	IRF1	Homo sapiens	chromatin immunoprecipitation assay	21803131	jaspar	No	hg19	chr2	76121492	76121512	+
TFLinkLT04264506	P10914	IRF1	Homo sapiens	chromatin immunoprecipitation assay	21803131	jaspar	No	hg19	chr7	106650673	106650693	+
TFLinkLT04264507	P10914	IRF1	Homo sapiens	chromatin immunoprecipitation assay	21803131	jaspar	No	hg19	chr12	64612610	64612630	-
TFLinkLT04264508	P10914	IRF1	Homo sapiens	chromatin immunoprecipitation assay	21803131	jaspar	No	hg19	chr6	99282029	99282049	-
TFLinkLT04264509	P10914	IRF1	Homo sapiens	chromatin immunoprecipitation assay	21803131	jaspar	No	hg19	chr11	76384064	76384084	-
TFLinkLT04264510	P10914	IRF1	Homo sapiens	chromatin immunoprecipitation assay	21803131	jaspar	No	hg19	chr15	77487832	77487852	-
TFLinkLT04264511	P10914	IRF1	Homo sapiens	chromatin immunoprecipitation assay	21803131	jaspar	No	hg19	chr1	29253571	29253591	-
TFLinkLT04264512	P10914	IRF1	Homo sapiens	chromatin immunoprecipitation assay	21803131	jaspar	No	hg19	chr4	129389799	129389819	+
TFLinkLT04264513	P10914	IRF1	Homo sapiens	chromatin immunoprecipitation assay	21803131	jaspar	No	hg19	chr4	38525694	38525714	-
TFLinkLT04264514	P10914	IRF1	Homo sapiens	chromatin immunoprecipitation assay	21803131	jaspar	No	hg19	chr10	39091946	39091966	+
TFLinkLT04264515	P10914	IRF1	Homo sapiens	chromatin immunoprecipitation assay	21803131	jaspar	No	hg19	chr3	9958776	9958796	-
TFLinkLT04264516	P10914	IRF1	Homo sapiens	chromatin immunoprecipitation assay	21803131	jaspar	No	hg19	chr3	195179341	195179361	-
TFLinkLT04264517	P10914	IRF1	Homo sapiens	chromatin immunoprecipitation assay	21803131	jaspar	No	hg19	chr21	44358697	44358717	-
TFLinkLT04264518	P10914	IRF1	Homo sapiens	chromatin immunoprecipitation assay	21803131	jaspar	No	hg19	chr20	26269500	26269520	-
TFLinkLT04264519	P10914	IRF1	Homo sapiens	chromatin immunoprecipitation assay	21803131	jaspar	No	hg19	chr7	157131834	157131854	+
TFLinkLT04264520	P10914	IRF1	Homo sapiens	chromatin immunoprecipitation assay	21803131	jaspar	No	hg19	chr21	10702471	10702491	-
TFLinkLT04264521	P10914	IRF1	Homo sapiens	chromatin immunoprecipitation assay	21803131	jaspar	No	hg19	chr8	86019318	86019338	-
TFLinkLT04264522	P10914	IRF1	Homo sapiens	chromatin immunoprecipitation assay	21803131	jaspar	No	hg19	chr2	231689371	231689391	+
TFLinkLT04264523	P10914	IRF1	Homo sapiens	chromatin immunoprecipitation assay	21803131	jaspar	No	hg19	chr11	59323976	59323996	+
TFLinkLT04264524	P10914	IRF1	Homo sapiens	chromatin immunoprecipitation assay	21803131	jaspar	No	hg19	chr2	70363367	70363387	+
TFLinkLT04264525	P10914	IRF1	Homo sapiens	chromatin immunoprecipitation assay	21803131	jaspar	No	hg19	chr10	127603165	127603185	-
TFLinkLT04264526	P10914	IRF1	Homo sapiens	chromatin immunoprecipitation assay	21803131	jaspar	No	hg19	chr10	42794957	42794977	+
TFLinkLT04264527	P10914	IRF1	Homo sapiens	chromatin immunoprecipitation assay	21803131	jaspar	No	hg19	chr6	139856184	139856204	+
TFLinkLT04264528	P10914	IRF1	Homo sapiens	chromatin immunoprecipitation assay	21803131	jaspar	No	hg19	chr21	17169996	17170016	+
TFLinkLT04264529	P10914	IRF1	Homo sapiens	chromatin immunoprecipitation assay	21803131	jaspar	No	hg19	chr2	58266378	58266398	-
TFLinkLT04264530	P10914	IRF1	Homo sapiens	chromatin immunoprecipitation assay	21803131	jaspar	No	hg19	chr2	169930644	169930664	-
TFLinkLT04264531	P10914	IRF1	Homo sapiens	chromatin immunoprecipitation assay	21803131	jaspar	No	hg19	chr6	26320124	26320144	-
TFLinkLT04264532	P10914	IRF1	Homo sapiens	chromatin immunoprecipitation assay	21803131	jaspar	No	hg19	chr3	75792735	75792755	-
TFLinkLT04264533	P10914	IRF1	Homo sapiens	chromatin immunoprecipitation assay	21803131	jaspar	No	hg19	chr10	42802906	42802926	+
TFLinkLT04264534	P10914	IRF1	Homo sapiens	chromatin immunoprecipitation assay	21803131	jaspar	No	hg19	chr12	7245173	7245193	+
TFLinkLT04264535	P10914	IRF1	Homo sapiens	chromatin immunoprecipitation assay	21803131	jaspar	No	hg19	chr6	47102538	47102558	+
TFLinkLT04264536	P10914	IRF1	Homo sapiens	chromatin immunoprecipitation assay	21803131	jaspar	No	hg19	chr19	3762018	3762038	+
TFLinkLT04264537	P10914	IRF1	Homo sapiens	chromatin immunoprecipitation assay	21803131	jaspar	No	hg19	chr20	44496609	44496629	-
TFLinkLT04264538	P10914	IRF1	Homo sapiens	chromatin immunoprecipitation assay	21803131	jaspar	No	hg19	chr17	76976048	76976068	+
TFLinkLT04264539	P10914	IRF1	Homo sapiens	chromatin immunoprecipitation assay	21803131	jaspar	No	hg19	chr2	203473369	203473389	-
TFLinkLT04264540	P10914	IRF1	Homo sapiens	chromatin immunoprecipitation assay	21803131	jaspar	No	hg19	chr4	49122922	49122942	+
TFLinkLT04264541	P10914	IRF1	Homo sapiens	chromatin immunoprecipitation assay	21803131	jaspar	No	hg19	chr4	170586669	170586689	+
TFLinkLT04264542	P10914	IRF1	Homo sapiens	chromatin immunoprecipitation assay	21803131	jaspar	No	hg19	chr2	12019145	12019165	+
TFLinkLT04264543	P10914	IRF1	Homo sapiens	chromatin immunoprecipitation assay	21803131	jaspar	No	hg19	chr17	67172179	67172199	-
TFLinkLT04264544	P10914	IRF1	Homo sapiens	chromatin immunoprecipitation assay	21803131	jaspar	No	hg19	chr10	42362157	42362177	+
TFLinkLT04264545	P10914	IRF1	Homo sapiens	chromatin immunoprecipitation assay	21803131	jaspar	No	hg19	chr6	139690740	139690760	-
TFLinkLT04264546	P10914	IRF1	Homo sapiens	chromatin immunoprecipitation assay	21803131	jaspar	No	hg19	chr15	97433362	97433382	+
TFLinkLT04264547	P10914	IRF1	Homo sapiens	chromatin immunoprecipitation assay	21803131	jaspar	No	hg19	chr12	38449975	38449995	+
TFLinkLT04264548	P10914	IRF1	Homo sapiens	chromatin immunoprecipitation assay	21803131	jaspar	No	hg19	chr12	38449998	38450018	+
TFLinkLT04264549	P10914	IRF1	Homo sapiens	chromatin immunoprecipitation assay	21803131	jaspar	No	hg19	chr12	56754245	56754265	-
TFLinkLT04264550	P10914	IRF1	Homo sapiens	chromatin immunoprecipitation assay	21803131	jaspar	No	hg19	chr9	123472796	123472816	+
TFLinkLT04264551	P10914	IRF1	Homo sapiens	chromatin immunoprecipitation assay	21803131	jaspar	No	hg19	chr8	97266316	97266336	-
TFLinkLT04264552	P10914	IRF1	Homo sapiens	chromatin immunoprecipitation assay	21803131	jaspar	No	hg19	chr10	39150130	39150150	-
TFLinkLT04264553	P10914	IRF1	Homo sapiens	chromatin immunoprecipitation assay	21803131	jaspar	No	hg19	chr11	73797558	73797578	+
TFLinkLT04264554	P10914	IRF1	Homo sapiens	chromatin immunoprecipitation assay	21803131	jaspar	No	hg19	chr1	3807785	3807805	-
TFLinkLT04264555	P10914	IRF1	Homo sapiens	chromatin immunoprecipitation assay	21803131	jaspar	No	hg19	chr10	39082345	39082365	+
TFLinkLT04264556	P10914	IRF1	Homo sapiens	chromatin immunoprecipitation assay	21803131	jaspar	No	hg19	chr17	13416628	13416648	-
TFLinkLT04264557	P10914	IRF1	Homo sapiens	chromatin immunoprecipitation assay	21803131	jaspar	No	hg19	chr3	150479435	150479455	+
TFLinkLT04264558	P10914	IRF1	Homo sapiens	chromatin immunoprecipitation assay	21803131	jaspar	No	hg19	chr11	61609342	61609362	+
TFLinkLT04264559	P10914	IRF1	Homo sapiens	chromatin immunoprecipitation assay	21803131	jaspar	No	hg19	chr20	32580884	32580904	-
TFLinkLT04264560	P10914	IRF1	Homo sapiens	chromatin immunoprecipitation assay	21803131	jaspar	No	hg19	chr12	51415615	51415635	-
TFLinkLT04264561	P10914	IRF1	Homo sapiens	chromatin immunoprecipitation assay	21803131	jaspar	No	hg19	chr6	43902196	43902216	+
TFLinkLT04264562	P10914	IRF1	Homo sapiens	chromatin immunoprecipitation assay	21803131	jaspar	No	hg19	chr16	33951119	33951139	+
TFLinkLT04264563	P10914	IRF1	Homo sapiens	chromatin immunoprecipitation assay	21803131	jaspar	No	hg19	chr13	49875506	49875526	-
TFLinkLT04264564	P10914	IRF1	Homo sapiens	chromatin immunoprecipitation assay	21803131	jaspar	No	hg19	chrX	136520383	136520403	+
TFLinkLT04264565	P10914	IRF1	Homo sapiens	chromatin immunoprecipitation assay	21803131	jaspar	No	hg19	chr20	29811006	29811026	-
TFLinkLT04264566	P10914	IRF1	Homo sapiens	chromatin immunoprecipitation assay	21803131	jaspar	No	hg19	chr4	49647779	49647799	-
TFLinkLT04264567	P10914	IRF1	Homo sapiens	chromatin immunoprecipitation assay	21803131	jaspar	No	hg19	chr7	88319335	88319355	-
TFLinkLT04264568	P10914	IRF1	Homo sapiens	chromatin immunoprecipitation assay	21803131	jaspar	No	hg19	chr11	15991140	15991160	+
TFLinkLT04264569	P10914	IRF1	Homo sapiens	chromatin immunoprecipitation assay	21803131	jaspar	No	hg19	chr1	169278954	169278974	+
TFLinkLT04264570	P10914	IRF1	Homo sapiens	chromatin immunoprecipitation assay	21803131	jaspar	No	hg19	chr2	217277147	217277167	-
TFLinkLT04264571	P10914	IRF1	Homo sapiens	chromatin immunoprecipitation assay	21803131	jaspar	No	hg19	chr13	50070057	50070077	-
TFLinkLT04264572	P10914	IRF1	Homo sapiens	chromatin immunoprecipitation assay	21803131	jaspar	No	hg19	chr12	26424151	26424171	+
TFLinkLT04264573	P10914	IRF1	Homo sapiens	chromatin immunoprecipitation assay	21803131	jaspar	No	hg19	chr14	23752046	23752066	+
TFLinkLT04264574	P10914	IRF1	Homo sapiens	chromatin immunoprecipitation assay	21803131	jaspar	No	hg19	chr8	86425915	86425935	-
TFLinkLT04264575	P10914	IRF1	Homo sapiens	chromatin immunoprecipitation assay	21803131	jaspar	No	hg19	chr3	33951640	33951660	-
TFLinkLT04264576	P10914	IRF1	Homo sapiens	chromatin immunoprecipitation assay	21803131	jaspar	No	hg19	chr3	172312583	172312603	+
TFLinkLT04264577	P10914	IRF1	Homo sapiens	chromatin immunoprecipitation assay	21803131	jaspar	No	hg19	chr17	28009273	28009293	+
TFLinkLT04264578	P10914	IRF1	Homo sapiens	chromatin immunoprecipitation assay	21803131	jaspar	No	hg19	chr4	80274727	80274747	-
TFLinkLT04264579	P10914	IRF1	Homo sapiens	chromatin immunoprecipitation assay	21803131	jaspar	No	hg19	chr1	7217538	7217558	-
TFLinkLT04264580	P10914	IRF1	Homo sapiens	chromatin immunoprecipitation assay	21803131	jaspar	No	hg19	chr2	177337966	177337986	+
TFLinkLT04264581	P10914	IRF1	Homo sapiens	chromatin immunoprecipitation assay	21803131	jaspar	No	hg19	chr6	34286684	34286704	-
TFLinkLT04264582	P10914	IRF1	Homo sapiens	chromatin immunoprecipitation assay	21803131	jaspar	No	hg19	chr19	47985081	47985101	-
TFLinkLT04264583	P10914	IRF1	Homo sapiens	chromatin immunoprecipitation assay	21803131	jaspar	No	hg19	chr11	5255955	5255975	+
TFLinkLT04264584	P10914	IRF1	Homo sapiens	chromatin immunoprecipitation assay	21803131	jaspar	No	hg19	chr6	90184587	90184607	+
TFLinkLT04264585	P10914	IRF1	Homo sapiens	chromatin immunoprecipitation assay	21803131	jaspar	No	hg19	chr3	65486207	65486227	-
TFLinkLT04264586	P10914	IRF1	Homo sapiens	chromatin immunoprecipitation assay	21803131	jaspar	No	hg19	chr10	30726076	30726096	+
TFLinkLT04264587	P10914	IRF1	Homo sapiens	chromatin immunoprecipitation assay	21803131	jaspar	No	hg19	chrX	117405829	117405849	-
TFLinkLT04264588	P10914	IRF1	Homo sapiens	chromatin immunoprecipitation assay	21803131	jaspar	No	hg19	chr6	158232564	158232584	-
