UniprotID.TF	NCBI.GeneID.TF	Name.TF	Detection.method	PubmedID	Organism	Source.database	Small-scale.evidence
Q61164	13018	Ctcf	chromatin immunoprecipitation assay	https://www.ncbi.nlm.nih.gov/pubmed/?term=27924024%5Buid%5D	Mus musculus	GTRD	No
Q99J95	107951	Cdk9	chromatin immunoprecipitation assay	https://www.ncbi.nlm.nih.gov/pubmed/?term=27924024%5Buid%5D	Mus musculus	GTRD	No
Q60972	19646	Rbbp4	chromatin immunoprecipitation assay	https://www.ncbi.nlm.nih.gov/pubmed/?term=27924024%5Buid%5D	Mus musculus	GTRD	No
P97360	14011	Etv6	chromatin immunoprecipitation assay	https://www.ncbi.nlm.nih.gov/pubmed/?term=27924024%5Buid%5D	Mus musculus	GTRD	No
Q9D030	13345	Twist2	chromatin immunoprecipitation assay	https://www.ncbi.nlm.nih.gov/pubmed/?term=27924024%5Buid%5D	Mus musculus	GTRD	No
O08550	75410	Kmt2b	chromatin immunoprecipitation assay	https://www.ncbi.nlm.nih.gov/pubmed/?term=27924024%5Buid%5D	Mus musculus	GTRD	No
O08755	15379	Onecut1	chromatin immunoprecipitation assay	https://www.ncbi.nlm.nih.gov/pubmed/?term=27924024%5Buid%5D	Mus musculus	GTRD	No
Q9Z2D6	17257	Mecp2	chromatin immunoprecipitation assay	https://www.ncbi.nlm.nih.gov/pubmed/?term=27924024%5Buid%5D	Mus musculus	GTRD	No
Q99NA9	71041	Pcgf6	chromatin immunoprecipitation assay	https://www.ncbi.nlm.nih.gov/pubmed/?term=27924024%5Buid%5D	Mus musculus	GTRD	No
P70288	15182	Hdac2	chromatin immunoprecipitation assay	https://www.ncbi.nlm.nih.gov/pubmed/?term=27924024%5Buid%5D	Mus musculus	GTRD	No
P28700	20181	Rxra	chromatin immunoprecipitation assay	https://www.ncbi.nlm.nih.gov/pubmed/?term=27924024%5Buid%5D	Mus musculus	GTRD	No
P27577	23871	Ets1	chromatin immunoprecipitation assay	https://www.ncbi.nlm.nih.gov/pubmed/?term=27924024%5Buid%5D	Mus musculus	GTRD	No
Q04207	19697	Rela	chromatin immunoprecipitation assay	https://www.ncbi.nlm.nih.gov/pubmed/?term=27924024%5Buid%5D	Mus musculus	GTRD	No
Q8VCD7	76804	Kdm4c	chromatin immunoprecipitation assay	https://www.ncbi.nlm.nih.gov/pubmed/?term=27924024%5Buid%5D	Mus musculus	GTRD	No
Q04887	20682	Sox9	chromatin immunoprecipitation assay	https://www.ncbi.nlm.nih.gov/pubmed/?term=27924024%5Buid%5D	Mus musculus	GTRD	No
P31266	19664	Rbpj	chromatin immunoprecipitation assay	https://www.ncbi.nlm.nih.gov/pubmed/?term=27924024%5Buid%5D	Mus musculus	GTRD	No
Q9WTN3	20787	Srebf1	chromatin immunoprecipitation assay	https://www.ncbi.nlm.nih.gov/pubmed/?term=27924024%5Buid%5D	Mus musculus	GTRD	No
P05627	16476	Jun	chromatin immunoprecipitation assay	https://www.ncbi.nlm.nih.gov/pubmed/?term=27924024%5Buid%5D	Mus musculus	GTRD	No
Q60793	16600	Klf4	chromatin immunoprecipitation assay	https://www.ncbi.nlm.nih.gov/pubmed/?term=27924024%5Buid%5D	Mus musculus	GTRD	No
P97303	12014	Bach2	chromatin immunoprecipitation assay	https://www.ncbi.nlm.nih.gov/pubmed/?term=27924024%5Buid%5D	Mus musculus	GTRD	No
E9PYH6	233904	Setd1a	chromatin immunoprecipitation assay	https://www.ncbi.nlm.nih.gov/pubmed/?term=27924024%5Buid%5D	Mus musculus	GTRD	No
O70477	18771	Pknox1	chromatin immunoprecipitation assay	https://www.ncbi.nlm.nih.gov/pubmed/?term=27924024%5Buid%5D	Mus musculus	GTRD	No
Q9D3E6	20842	Stag1	chromatin immunoprecipitation assay	https://www.ncbi.nlm.nih.gov/pubmed/?term=27924024%5Buid%5D	Mus musculus	GTRD	No
Q6ZQL4	72515	Wdr43	chromatin immunoprecipitation assay	https://www.ncbi.nlm.nih.gov/pubmed/?term=27924024%5Buid%5D	Mus musculus	GTRD	No
Q91WV0	13486	Dr1	chromatin immunoprecipitation assay	https://www.ncbi.nlm.nih.gov/pubmed/?term=27924024%5Buid%5D	Mus musculus	GTRD	No
Q6PDQ2	107932	Chd4	chromatin immunoprecipitation assay	https://www.ncbi.nlm.nih.gov/pubmed/?term=27924024%5Buid%5D	Mus musculus	GTRD	No
P50481	16871	Lhx3	chromatin immunoprecipitation assay	https://www.ncbi.nlm.nih.gov/pubmed/?term=27924024%5Buid%5D	Mus musculus	GTRD	No
Q8BRH4	NA	Kmt2c	chromatin immunoprecipitation assay	https://www.ncbi.nlm.nih.gov/pubmed/?term=27924024%5Buid%5D	Mus musculus	GTRD	No
Q04888	20665	Sox10	chromatin immunoprecipitation assay	https://www.ncbi.nlm.nih.gov/pubmed/?term=27924024%5Buid%5D	Mus musculus	GTRD	No
Q61026	17978	Ncoa2	chromatin immunoprecipitation assay	https://www.ncbi.nlm.nih.gov/pubmed/?term=27924024%5Buid%5D	Mus musculus	GTRD	No
Q8C176	NA	Taf2	chromatin immunoprecipitation assay	https://www.ncbi.nlm.nih.gov/pubmed/?term=27924024%5Buid%5D	Mus musculus	GTRD	No
P23611	15900	Irf8	chromatin immunoprecipitation assay	https://www.ncbi.nlm.nih.gov/pubmed/?term=27924024%5Buid%5D	Mus musculus	GTRD	No
P20263	18999	Pou5f1	chromatin immunoprecipitation assay	https://www.ncbi.nlm.nih.gov/pubmed/?term=27924024%5Buid%5D	Mus musculus	GTRD	No
Q00422	14390	Gabpa	chromatin immunoprecipitation assay	https://www.ncbi.nlm.nih.gov/pubmed/?term=27924024%5Buid%5D	Mus musculus	GTRD	No
Q61312	21420	Tfap2c	chromatin immunoprecipitation assay	https://www.ncbi.nlm.nih.gov/pubmed/?term=27924024%5Buid%5D	Mus musculus	GTRD	No
Q8BUN5	17127	Smad3	chromatin immunoprecipitation assay	https://www.ncbi.nlm.nih.gov/pubmed/?term=27924024%5Buid%5D	Mus musculus	GTRD	No
Q80YQ2	70208	Med23	chromatin immunoprecipitation assay	https://www.ncbi.nlm.nih.gov/pubmed/?term=27924024%5Buid%5D	Mus musculus	GTRD	No
P70338	14581	Gfi1	chromatin immunoprecipitation assay	https://www.ncbi.nlm.nih.gov/pubmed/?term=27924024%5Buid%5D	Mus musculus	GTRD	No
P24270	12359	Cat	chromatin immunoprecipitation assay	https://www.ncbi.nlm.nih.gov/pubmed/?term=27924024%5Buid%5D	Mus musculus	GTRD	No
P97500	17933	Myt1l	chromatin immunoprecipitation assay	https://www.ncbi.nlm.nih.gov/pubmed/?term=27924024%5Buid%5D	Mus musculus	GTRD	No
O88559	17283	Men1	chromatin immunoprecipitation assay	https://www.ncbi.nlm.nih.gov/pubmed/?term=27924024%5Buid%5D	Mus musculus	GTRD	No
Q9WTL8	11865	Arntl	chromatin immunoprecipitation assay	https://www.ncbi.nlm.nih.gov/pubmed/?term=27924024%5Buid%5D	Mus musculus	GTRD	No
Q64318	21417	Zeb1	chromatin immunoprecipitation assay	https://www.ncbi.nlm.nih.gov/pubmed/?term=27924024%5Buid%5D	Mus musculus	GTRD	No
P15066	16478	Jund	chromatin immunoprecipitation assay	https://www.ncbi.nlm.nih.gov/pubmed/?term=27924024%5Buid%5D	Mus musculus	GTRD	No
Q60974	NA	Ncor1	chromatin immunoprecipitation assay	https://www.ncbi.nlm.nih.gov/pubmed/?term=27924024%5Buid%5D	Mus musculus	GTRD	No
P48281	22337	Vdr	chromatin immunoprecipitation assay	https://www.ncbi.nlm.nih.gov/pubmed/?term=27924024%5Buid%5D	Mus musculus	GTRD	No
P70396	13395	Dlx5	chromatin immunoprecipitation assay	https://www.ncbi.nlm.nih.gov/pubmed/?term=27924024%5Buid%5D	Mus musculus	GTRD	No
Q02067	17172	Ascl1	chromatin immunoprecipitation assay	https://www.ncbi.nlm.nih.gov/pubmed/?term=27924024%5Buid%5D	Mus musculus	GTRD	No
Q61550	19357	Rad21	chromatin immunoprecipitation assay	https://www.ncbi.nlm.nih.gov/pubmed/?term=27924024%5Buid%5D	Mus musculus	GTRD	No
Q04692	13990	Smarcad1	chromatin immunoprecipitation assay	https://www.ncbi.nlm.nih.gov/pubmed/?term=27924024%5Buid%5D	Mus musculus	GTRD	No
P45448	26424	Nr5a2	chromatin immunoprecipitation assay	https://www.ncbi.nlm.nih.gov/pubmed/?term=27924024%5Buid%5D	Mus musculus	GTRD	No
Q3U182	74343	Crtc2	chromatin immunoprecipitation assay	https://www.ncbi.nlm.nih.gov/pubmed/?term=27924024%5Buid%5D	Mus musculus	GTRD	No
Q9Z0S2	16870	Lhx2	chromatin immunoprecipitation assay	https://www.ncbi.nlm.nih.gov/pubmed/?term=27924024%5Buid%5D	Mus musculus	GTRD	No
Q64261	12571	Cdk6	chromatin immunoprecipitation assay	https://www.ncbi.nlm.nih.gov/pubmed/?term=27924024%5Buid%5D	Mus musculus	GTRD	No
Q9JKD8	57765	Tbx21	chromatin immunoprecipitation assay	https://www.ncbi.nlm.nih.gov/pubmed/?term=27924024%5Buid%5D	Mus musculus	GTRD	No
P19785	13982	Esr1	chromatin immunoprecipitation assay	https://www.ncbi.nlm.nih.gov/pubmed/?term=27924024%5Buid%5D	Mus musculus	GTRD	No
Q01147	12912	Creb1	chromatin immunoprecipitation assay	https://www.ncbi.nlm.nih.gov/pubmed/?term=27924024%5Buid%5D	Mus musculus	GTRD	No
P16951	11909	Atf2	chromatin immunoprecipitation assay	https://www.ncbi.nlm.nih.gov/pubmed/?term=27924024%5Buid%5D	Mus musculus	GTRD	No
Q8VDK3	13711	Elf5	chromatin immunoprecipitation assay	https://www.ncbi.nlm.nih.gov/pubmed/?term=27924024%5Buid%5D	Mus musculus	GTRD	No
P47239	18509	Pax7	chromatin immunoprecipitation assay	https://www.ncbi.nlm.nih.gov/pubmed/?term=27924024%5Buid%5D	Mus musculus	GTRD	No
P12813	15370	Nr4a1	chromatin immunoprecipitation assay	https://www.ncbi.nlm.nih.gov/pubmed/?term=27924024%5Buid%5D	Mus musculus	GTRD	No
Q61321	20474	Six4	chromatin immunoprecipitation assay	https://www.ncbi.nlm.nih.gov/pubmed/?term=27924024%5Buid%5D	Mus musculus	GTRD	No
Q9Z0Y9	22259	Nr1h3	chromatin immunoprecipitation assay	https://www.ncbi.nlm.nih.gov/pubmed/?term=27924024%5Buid%5D	Mus musculus	GTRD	No
P26323	14247	Fli1	chromatin immunoprecipitation assay	https://www.ncbi.nlm.nih.gov/pubmed/?term=27924024%5Buid%5D	Mus musculus	GTRD	No
Q3UV55	217166	Nr1d1	chromatin immunoprecipitation assay	https://www.ncbi.nlm.nih.gov/pubmed/?term=27924024%5Buid%5D	Mus musculus	GTRD	No
Q9ESP5	54713	Fezf2	chromatin immunoprecipitation assay	https://www.ncbi.nlm.nih.gov/pubmed/?term=27924024%5Buid%5D	Mus musculus	GTRD	No
Q03347	NA	Runx1	chromatin immunoprecipitation assay	https://www.ncbi.nlm.nih.gov/pubmed/?term=27924024%5Buid%5D	Mus musculus	GTRD	No
Q60795	18024	Nfe2l2	chromatin immunoprecipitation assay	https://www.ncbi.nlm.nih.gov/pubmed/?term=27924024%5Buid%5D	Mus musculus	GTRD	No
Q9CWW7	74322	Cxxc1	chromatin immunoprecipitation assay	https://www.ncbi.nlm.nih.gov/pubmed/?term=27924024%5Buid%5D	Mus musculus	GTRD	No
Q62315	16468	Jarid2	chromatin immunoprecipitation assay	https://www.ncbi.nlm.nih.gov/pubmed/?term=27924024%5Buid%5D	Mus musculus	GTRD	No
Q8VCY6	216987	Utp6	chromatin immunoprecipitation assay	https://www.ncbi.nlm.nih.gov/pubmed/?term=27924024%5Buid%5D	Mus musculus	GTRD	No
P45481	NA	Crebbp	chromatin immunoprecipitation assay	https://www.ncbi.nlm.nih.gov/pubmed/?term=27924024%5Buid%5D	Mus musculus	GTRD	No
Q61501	13555	E2f1	chromatin immunoprecipitation assay	https://www.ncbi.nlm.nih.gov/pubmed/?term=27924024%5Buid%5D	Mus musculus	GTRD	No
P62340	237336	Tbpl1	chromatin immunoprecipitation assay	https://www.ncbi.nlm.nih.gov/pubmed/?term=27924024%5Buid%5D	Mus musculus	GTRD	No
Q00899	22632	Yy1	chromatin immunoprecipitation assay	https://www.ncbi.nlm.nih.gov/pubmed/?term=27924024%5Buid%5D	Mus musculus	GTRD	No
Q61069	22278	Usf1	chromatin immunoprecipitation assay	https://www.ncbi.nlm.nih.gov/pubmed/?term=27924024%5Buid%5D	Mus musculus	GTRD	No
Q8VE65	66464	Taf12	chromatin immunoprecipitation assay	https://www.ncbi.nlm.nih.gov/pubmed/?term=27924024%5Buid%5D	Mus musculus	GTRD	No
P42230	20850	Stat5a	chromatin immunoprecipitation assay	https://www.ncbi.nlm.nih.gov/pubmed/?term=27924024%5Buid%5D	Mus musculus	GTRD	No
Q64287	16364	Irf4	chromatin immunoprecipitation assay	https://www.ncbi.nlm.nih.gov/pubmed/?term=27924024%5Buid%5D	Mus musculus	GTRD	No
Q8VIG1	19712	Rest	chromatin immunoprecipitation assay	https://www.ncbi.nlm.nih.gov/pubmed/?term=27924024%5Buid%5D	Mus musculus	GTRD	No
Q8CCG4	73693	Dppa4	chromatin immunoprecipitation assay	https://www.ncbi.nlm.nih.gov/pubmed/?term=27924024%5Buid%5D	Mus musculus	GTRD	No
P52633	20852	Stat6	chromatin immunoprecipitation assay	https://www.ncbi.nlm.nih.gov/pubmed/?term=27924024%5Buid%5D	Mus musculus	GTRD	No
Q9Z2U4	56501	Elf4	chromatin immunoprecipitation assay	https://www.ncbi.nlm.nih.gov/pubmed/?term=27924024%5Buid%5D	Mus musculus	GTRD	No
Q4JK59	214133	Tet2	chromatin immunoprecipitation assay	https://www.ncbi.nlm.nih.gov/pubmed/?term=27924024%5Buid%5D	Mus musculus	GTRD	No
Q9WVH4	56484	Foxo3	chromatin immunoprecipitation assay	https://www.ncbi.nlm.nih.gov/pubmed/?term=27924024%5Buid%5D	Mus musculus	GTRD	No
P61372	16392	Isl1	chromatin immunoprecipitation assay	https://www.ncbi.nlm.nih.gov/pubmed/?term=27924024%5Buid%5D	Mus musculus	GTRD	No
Q6ZQ88	99982	Kdm1a	chromatin immunoprecipitation assay	https://www.ncbi.nlm.nih.gov/pubmed/?term=27924024%5Buid%5D	Mus musculus	GTRD	No
Q8R023	69837	Pcgf1	chromatin immunoprecipitation assay	https://www.ncbi.nlm.nih.gov/pubmed/?term=27924024%5Buid%5D	Mus musculus	GTRD	No
P37238	19016	Pparg	chromatin immunoprecipitation assay	https://www.ncbi.nlm.nih.gov/pubmed/?term=27924024%5Buid%5D	Mus musculus	GTRD	No
Q3TKT4	20586	Smarca4	chromatin immunoprecipitation assay	https://www.ncbi.nlm.nih.gov/pubmed/?term=27924024%5Buid%5D	Mus musculus	GTRD	No
P23204	19013	Ppara	chromatin immunoprecipitation assay	https://www.ncbi.nlm.nih.gov/pubmed/?term=27924024%5Buid%5D	Mus musculus	GTRD	No
O88470	26927	Foxl2	chromatin immunoprecipitation assay	https://www.ncbi.nlm.nih.gov/pubmed/?term=27924024%5Buid%5D	Mus musculus	GTRD	No
P41778	18514	Pbx1	chromatin immunoprecipitation assay	https://www.ncbi.nlm.nih.gov/pubmed/?term=27924024%5Buid%5D	Mus musculus	GTRD	No
P28033	12608	Cebpb	chromatin immunoprecipitation assay	https://www.ncbi.nlm.nih.gov/pubmed/?term=27924024%5Buid%5D	Mus musculus	GTRD	No
Q9CU62	24061	Smc1a	chromatin immunoprecipitation assay	https://www.ncbi.nlm.nih.gov/pubmed/?term=27924024%5Buid%5D	Mus musculus	GTRD	No
Q7TNS8	103551	Epop	chromatin immunoprecipitation assay	https://www.ncbi.nlm.nih.gov/pubmed/?term=27924024%5Buid%5D	Mus musculus	GTRD	No
Q62520	NA	Zic2	chromatin immunoprecipitation assay	https://www.ncbi.nlm.nih.gov/pubmed/?term=27924024%5Buid%5D	Mus musculus	GTRD	No
Q9Z277	22385	Baz1b	chromatin immunoprecipitation assay	https://www.ncbi.nlm.nih.gov/pubmed/?term=27924024%5Buid%5D	Mus musculus	GTRD	No
P83870	68479	Phf5a	chromatin immunoprecipitation assay	https://www.ncbi.nlm.nih.gov/pubmed/?term=27924024%5Buid%5D	Mus musculus	GTRD	No
Q7TN02	70625	Med26	chromatin immunoprecipitation assay	https://www.ncbi.nlm.nih.gov/pubmed/?term=27924024%5Buid%5D	Mus musculus	GTRD	No
Q9D0N7	110749	Chaf1b	chromatin immunoprecipitation assay	https://www.ncbi.nlm.nih.gov/pubmed/?term=27924024%5Buid%5D	Mus musculus	GTRD	No
Q9JM73	20807	Srf	chromatin immunoprecipitation assay	https://www.ncbi.nlm.nih.gov/pubmed/?term=27924024%5Buid%5D	Mus musculus	GTRD	No
P19426	27632	Nelfe	chromatin immunoprecipitation assay	https://www.ncbi.nlm.nih.gov/pubmed/?term=27924024%5Buid%5D	Mus musculus	GTRD	No
Q02085	20613	Snai1	chromatin immunoprecipitation assay	https://www.ncbi.nlm.nih.gov/pubmed/?term=27924024%5Buid%5D	Mus musculus	GTRD	No
P43241	12591	Cdx2	chromatin immunoprecipitation assay,inferred by curator	https://www.ncbi.nlm.nih.gov/pubmed/?term=18971253%5Buid%5D+OR+27924024%5Buid%5D+OR+26578589%5Buid%5D	Mus musculus	GTRD,ORegAnno,PAZAR	No
P19091	11835	Ar	chromatin immunoprecipitation assay	https://www.ncbi.nlm.nih.gov/pubmed/?term=27924024%5Buid%5D	Mus musculus	GTRD	No
P48381	19726	Rfx3	chromatin immunoprecipitation assay	https://www.ncbi.nlm.nih.gov/pubmed/?term=27924024%5Buid%5D	Mus musculus	GTRD	No
Q9ESU6	57261	Brd4	chromatin immunoprecipitation assay	https://www.ncbi.nlm.nih.gov/pubmed/?term=27924024%5Buid%5D	Mus musculus	GTRD	No
Q6J1H4	22286	Utf1	chromatin immunoprecipitation assay	https://www.ncbi.nlm.nih.gov/pubmed/?term=27924024%5Buid%5D	Mus musculus	GTRD	No
Q6ZQK0	78658	Ncapd3	chromatin immunoprecipitation assay	https://www.ncbi.nlm.nih.gov/pubmed/?term=27924024%5Buid%5D	Mus musculus	GTRD	No
Q6P2L6	234135	Nsd3	chromatin immunoprecipitation assay	https://www.ncbi.nlm.nih.gov/pubmed/?term=27924024%5Buid%5D	Mus musculus	GTRD	No
Q8CHW1	73754	Thap1	chromatin immunoprecipitation assay	https://www.ncbi.nlm.nih.gov/pubmed/?term=27924024%5Buid%5D	Mus musculus	GTRD	No
P81270	13876	Erg	chromatin immunoprecipitation assay	https://www.ncbi.nlm.nih.gov/pubmed/?term=27924024%5Buid%5D	Mus musculus	GTRD	No
P01108	17869	Myc	chromatin immunoprecipitation assay	https://www.ncbi.nlm.nih.gov/pubmed/?term=27924024%5Buid%5D	Mus musculus	GTRD	No
Q03267	NA	Ikzf1	chromatin immunoprecipitation assay	https://www.ncbi.nlm.nih.gov/pubmed/?term=27924024%5Buid%5D	Mus musculus	GTRD	No
Q8BGU5	67974	Ccny	chromatin immunoprecipitation assay	https://www.ncbi.nlm.nih.gov/pubmed/?term=27924024%5Buid%5D	Mus musculus	GTRD	No
Q8BW72	230674	Kdm4a	chromatin immunoprecipitation assay	https://www.ncbi.nlm.nih.gov/pubmed/?term=27924024%5Buid%5D	Mus musculus	GTRD	No
Q62431	13496	Arid3a	chromatin immunoprecipitation assay	https://www.ncbi.nlm.nih.gov/pubmed/?term=27924024%5Buid%5D	Mus musculus	GTRD	No
O08792	13592	Ebf2	chromatin immunoprecipitation assay	https://www.ncbi.nlm.nih.gov/pubmed/?term=27924024%5Buid%5D	Mus musculus	GTRD	No
Q9R190	23942	Mta2	chromatin immunoprecipitation assay	https://www.ncbi.nlm.nih.gov/pubmed/?term=27924024%5Buid%5D	Mus musculus	GTRD	No
P70447	11924	Neurog2	chromatin immunoprecipitation assay	https://www.ncbi.nlm.nih.gov/pubmed/?term=27924024%5Buid%5D	Mus musculus	GTRD	No
Q00417	21414	Tcf7	chromatin immunoprecipitation assay	https://www.ncbi.nlm.nih.gov/pubmed/?term=27924024%5Buid%5D	Mus musculus	GTRD	No
P15919	19373	Rag1	chromatin immunoprecipitation assay	https://www.ncbi.nlm.nih.gov/pubmed/?term=27924024%5Buid%5D	Mus musculus	GTRD	No
Q99LT0	66310	Dpy30	chromatin immunoprecipitation assay	https://www.ncbi.nlm.nih.gov/pubmed/?term=27924024%5Buid%5D	Mus musculus	GTRD	No
Q08775	12393	Runx2	chromatin immunoprecipitation assay	https://www.ncbi.nlm.nih.gov/pubmed/?term=27924024%5Buid%5D	Mus musculus	GTRD	No
Q64092	209446	Tfe3	chromatin immunoprecipitation assay	https://www.ncbi.nlm.nih.gov/pubmed/?term=27924024%5Buid%5D	Mus musculus	GTRD	No
P70324	21386	Tbx3	chromatin immunoprecipitation assay	https://www.ncbi.nlm.nih.gov/pubmed/?term=27924024%5Buid%5D	Mus musculus	GTRD	No
Q61880	13404	Dmc1	chromatin immunoprecipitation assay	https://www.ncbi.nlm.nih.gov/pubmed/?term=27924024%5Buid%5D	Mus musculus	GTRD	No
A1A546	71597	Isx	chromatin immunoprecipitation assay	https://www.ncbi.nlm.nih.gov/pubmed/?term=27924024%5Buid%5D	Mus musculus	GTRD	No
P42232	20851	Stat5b	chromatin immunoprecipitation assay	https://www.ncbi.nlm.nih.gov/pubmed/?term=27924024%5Buid%5D	Mus musculus	GTRD	No
Q01705	18128	Notch1	chromatin immunoprecipitation assay	https://www.ncbi.nlm.nih.gov/pubmed/?term=27924024%5Buid%5D	Mus musculus	GTRD	No
P70390	20429	Shox2	chromatin immunoprecipitation assay	https://www.ncbi.nlm.nih.gov/pubmed/?term=27924024%5Buid%5D	Mus musculus	GTRD	No
A2AGH6	59024	Med12	chromatin immunoprecipitation assay	https://www.ncbi.nlm.nih.gov/pubmed/?term=27924024%5Buid%5D	Mus musculus	GTRD	No
Q9CXC9	104156	Etv5	chromatin immunoprecipitation assay	https://www.ncbi.nlm.nih.gov/pubmed/?term=27924024%5Buid%5D	Mus musculus	GTRD	No
Q921N8	56310	Gps2	chromatin immunoprecipitation assay	https://www.ncbi.nlm.nih.gov/pubmed/?term=27924024%5Buid%5D	Mus musculus	GTRD	No
Q64705	22282	Usf2	chromatin immunoprecipitation assay	https://www.ncbi.nlm.nih.gov/pubmed/?term=27924024%5Buid%5D	Mus musculus	GTRD	No
O70546	22289	Kdm6a	chromatin immunoprecipitation assay	https://www.ncbi.nlm.nih.gov/pubmed/?term=27924024%5Buid%5D	Mus musculus	GTRD	No
P10085	17927	Myod1	chromatin immunoprecipitation assay	https://www.ncbi.nlm.nih.gov/pubmed/?term=27924024%5Buid%5D	Mus musculus	GTRD	No
Q6KCD5	71175	Nipbl	chromatin immunoprecipitation assay	https://www.ncbi.nlm.nih.gov/pubmed/?term=27924024%5Buid%5D	Mus musculus	GTRD	No
Q3UNW5	81879	Tfcp2l1	chromatin immunoprecipitation assay	https://www.ncbi.nlm.nih.gov/pubmed/?term=27924024%5Buid%5D	Mus musculus	GTRD	No
Q8CFN5	17260	Mef2c	chromatin immunoprecipitation assay	https://www.ncbi.nlm.nih.gov/pubmed/?term=27924024%5Buid%5D	Mus musculus	GTRD	No
P62915	229906	Gtf2b	chromatin immunoprecipitation assay	https://www.ncbi.nlm.nih.gov/pubmed/?term=27924024%5Buid%5D	Mus musculus	GTRD	No
O88898	22061	Tp63	chromatin immunoprecipitation assay	https://www.ncbi.nlm.nih.gov/pubmed/?term=27924024%5Buid%5D	Mus musculus	GTRD	No
Q02650	18507	Pax5	chromatin immunoprecipitation assay	https://www.ncbi.nlm.nih.gov/pubmed/?term=27924024%5Buid%5D	Mus musculus	GTRD	No
Q61324	11864	Arnt2	chromatin immunoprecipitation assay	https://www.ncbi.nlm.nih.gov/pubmed/?term=27924024%5Buid%5D	Mus musculus	GTRD	No
P21784	19374	Rag2	chromatin immunoprecipitation assay	https://www.ncbi.nlm.nih.gov/pubmed/?term=27924024%5Buid%5D	Mus musculus	GTRD	No
Q8C4Y3	58202	Nelfb	chromatin immunoprecipitation assay	https://www.ncbi.nlm.nih.gov/pubmed/?term=27924024%5Buid%5D	Mus musculus	GTRD	No
O09000	NA	Ncoa3	chromatin immunoprecipitation assay	https://www.ncbi.nlm.nih.gov/pubmed/?term=27924024%5Buid%5D	Mus musculus	GTRD	No
P09450	16477	Junb	chromatin immunoprecipitation assay	https://www.ncbi.nlm.nih.gov/pubmed/?term=27924024%5Buid%5D	Mus musculus	GTRD	No
Q62424	15398	Hoxa13	chromatin immunoprecipitation assay	https://www.ncbi.nlm.nih.gov/pubmed/?term=27924024%5Buid%5D	Mus musculus	GTRD	No
P29037	21374	Tbp	chromatin immunoprecipitation assay	https://www.ncbi.nlm.nih.gov/pubmed/?term=27924024%5Buid%5D	Mus musculus	GTRD	No
Q80U70	52615	Suz12	chromatin immunoprecipitation assay	https://www.ncbi.nlm.nih.gov/pubmed/?term=27924024%5Buid%5D	Mus musculus	GTRD	No
Q62318	21849	Trim28	chromatin immunoprecipitation assay	https://www.ncbi.nlm.nih.gov/pubmed/?term=27924024%5Buid%5D	Mus musculus	GTRD	No
Q6XBJ3	225631	Onecut2	chromatin immunoprecipitation assay	https://www.ncbi.nlm.nih.gov/pubmed/?term=27924024%5Buid%5D	Mus musculus	GTRD	No
P70120	15208	Hes5	chromatin immunoprecipitation assay	https://www.ncbi.nlm.nih.gov/pubmed/?term=27924024%5Buid%5D	Mus musculus	GTRD	No
O35638	20843	Stag2	chromatin immunoprecipitation assay	https://www.ncbi.nlm.nih.gov/pubmed/?term=27924024%5Buid%5D	Mus musculus	GTRD	No
P02340	22059	Tp53	chromatin immunoprecipitation assay	https://www.ncbi.nlm.nih.gov/pubmed/?term=27924024%5Buid%5D	Mus musculus	GTRD	No
Q60765	11910	Atf3	chromatin immunoprecipitation assay	https://www.ncbi.nlm.nih.gov/pubmed/?term=27924024%5Buid%5D	Mus musculus	GTRD	No
Q8BX22	99377	Sall4	chromatin immunoprecipitation assay	https://www.ncbi.nlm.nih.gov/pubmed/?term=27924024%5Buid%5D	Mus musculus	GTRD	No
P42225	NA	Stat1	chromatin immunoprecipitation assay	https://www.ncbi.nlm.nih.gov/pubmed/?term=27924024%5Buid%5D	Mus musculus	GTRD	No
Q9WU00	18181	Nrf1	chromatin immunoprecipitation assay	https://www.ncbi.nlm.nih.gov/pubmed/?term=27924024%5Buid%5D	Mus musculus	GTRD	No
P70170	20928	Abcc9	chromatin immunoprecipitation assay	https://www.ncbi.nlm.nih.gov/pubmed/?term=27924024%5Buid%5D	Mus musculus	GTRD	No
Q61039	15111	Hand2	chromatin immunoprecipitation assay	https://www.ncbi.nlm.nih.gov/pubmed/?term=27924024%5Buid%5D	Mus musculus	GTRD	No
O89090	20683	Sp1	chromatin immunoprecipitation assay	https://www.ncbi.nlm.nih.gov/pubmed/?term=27924024%5Buid%5D	Mus musculus	GTRD	No
P01101	14281	Fos	chromatin immunoprecipitation assay	https://www.ncbi.nlm.nih.gov/pubmed/?term=27924024%5Buid%5D	Mus musculus	GTRD	No
Q64249	14536	Nr6a1	chromatin immunoprecipitation assay	https://www.ncbi.nlm.nih.gov/pubmed/?term=27924024%5Buid%5D	Mus musculus	GTRD	No
P17433	20375	Spi1	chromatin immunoprecipitation assay	https://www.ncbi.nlm.nih.gov/pubmed/?term=27924024%5Buid%5D	Mus musculus	GTRD	No
P48432	20674	Sox2	chromatin immunoprecipitation assay	https://www.ncbi.nlm.nih.gov/pubmed/?term=27924024%5Buid%5D	Mus musculus	GTRD	No
Q8C6P8	22715	Zfp57	chromatin immunoprecipitation assay	https://www.ncbi.nlm.nih.gov/pubmed/?term=27924024%5Buid%5D	Mus musculus	GTRD	No
Q99PV8	58208	Bcl11b	chromatin immunoprecipitation assay	https://www.ncbi.nlm.nih.gov/pubmed/?term=27924024%5Buid%5D	Mus musculus	GTRD	No
Q925J9	19014	Med1	chromatin immunoprecipitation assay	https://www.ncbi.nlm.nih.gov/pubmed/?term=27924024%5Buid%5D	Mus musculus	GTRD	No
Q9WU42	20602	Ncor2	chromatin immunoprecipitation assay	https://www.ncbi.nlm.nih.gov/pubmed/?term=27924024%5Buid%5D	Mus musculus	GTRD	No
Q64HY3	381373	Sp9	chromatin immunoprecipitation assay	https://www.ncbi.nlm.nih.gov/pubmed/?term=27924024%5Buid%5D	Mus musculus	GTRD	No
P22361	21405	Hnf1a	chromatin immunoprecipitation assay	https://www.ncbi.nlm.nih.gov/pubmed/?term=27924024%5Buid%5D	Mus musculus	GTRD	No
P23772	14462	Gata3	chromatin immunoprecipitation assay	https://www.ncbi.nlm.nih.gov/pubmed/?term=27924024%5Buid%5D	Mus musculus	GTRD	No
Q3URK3	NA	Tet1	chromatin immunoprecipitation assay	https://www.ncbi.nlm.nih.gov/pubmed/?term=27924024%5Buid%5D	Mus musculus	GTRD	No
P70326	21388	Tbx5	chromatin immunoprecipitation assay	https://www.ncbi.nlm.nih.gov/pubmed/?term=27924024%5Buid%5D	Mus musculus	GTRD	No
Q6P1G2	30841	Kdm2b	chromatin immunoprecipitation assay	https://www.ncbi.nlm.nih.gov/pubmed/?term=27924024%5Buid%5D	Mus musculus	GTRD	No
P15806	21423	Tcf3	chromatin immunoprecipitation assay	https://www.ncbi.nlm.nih.gov/pubmed/?term=27924024%5Buid%5D	Mus musculus	GTRD	No
O35426	22433	Xbp1	chromatin immunoprecipitation assay	https://www.ncbi.nlm.nih.gov/pubmed/?term=27924024%5Buid%5D	Mus musculus	GTRD	No
Q8C8M1	56306	Sinhcaf	chromatin immunoprecipitation assay	https://www.ncbi.nlm.nih.gov/pubmed/?term=27924024%5Buid%5D	Mus musculus	GTRD	No
Q99MA9	18096	Nkx6-1	chromatin immunoprecipitation assay	https://www.ncbi.nlm.nih.gov/pubmed/?term=27924024%5Buid%5D	Mus musculus	GTRD	No
Q8BSQ9	NA	Pbrm1	chromatin immunoprecipitation assay	https://www.ncbi.nlm.nih.gov/pubmed/?term=27924024%5Buid%5D	Mus musculus	GTRD	No
Q08024	12400	Cbfb	chromatin immunoprecipitation assay	https://www.ncbi.nlm.nih.gov/pubmed/?term=27924024%5Buid%5D	Mus musculus	GTRD	No
Q8BP71	93686	Rbfox2	chromatin immunoprecipitation assay	https://www.ncbi.nlm.nih.gov/pubmed/?term=27924024%5Buid%5D	Mus musculus	GTRD	No
P97449	16790	Anpep	chromatin immunoprecipitation assay	https://www.ncbi.nlm.nih.gov/pubmed/?term=27924024%5Buid%5D	Mus musculus	GTRD	No
Q8BSP2	52683	Ncaph2	chromatin immunoprecipitation assay	https://www.ncbi.nlm.nih.gov/pubmed/?term=27924024%5Buid%5D	Mus musculus	GTRD	No
O35885	17173	Ascl2	chromatin immunoprecipitation assay	https://www.ncbi.nlm.nih.gov/pubmed/?term=27924024%5Buid%5D	Mus musculus	GTRD	No
Q61539	26380	Esrrb	chromatin immunoprecipitation assay	https://www.ncbi.nlm.nih.gov/pubmed/?term=27924024%5Buid%5D	Mus musculus	GTRD	No
Q91X20	23808	Ash2l	chromatin immunoprecipitation assay	https://www.ncbi.nlm.nih.gov/pubmed/?term=27924024%5Buid%5D	Mus musculus	GTRD	No
Q60520	20466	Sin3a	chromatin immunoprecipitation assay	https://www.ncbi.nlm.nih.gov/pubmed/?term=27924024%5Buid%5D	Mus musculus	GTRD	No
Q8BG30	24116	Nelfa	chromatin immunoprecipitation assay	https://www.ncbi.nlm.nih.gov/pubmed/?term=27924024%5Buid%5D	Mus musculus	GTRD	No
Q03147	12572	Cdk7	chromatin immunoprecipitation assay	https://www.ncbi.nlm.nih.gov/pubmed/?term=27924024%5Buid%5D	Mus musculus	GTRD	No
P06537	NA	Nr3c1	chromatin immunoprecipitation assay	https://www.ncbi.nlm.nih.gov/pubmed/?term=27924024%5Buid%5D	Mus musculus	GTRD	No
P24610	18505	Pax3	chromatin immunoprecipitation assay	https://www.ncbi.nlm.nih.gov/pubmed/?term=27924024%5Buid%5D	Mus musculus	GTRD	No
P55200	NA	Kmt2a	chromatin immunoprecipitation assay	https://www.ncbi.nlm.nih.gov/pubmed/?term=27924024%5Buid%5D	Mus musculus	GTRD	No
Q61188	14056	Ezh2	chromatin immunoprecipitation assay	https://www.ncbi.nlm.nih.gov/pubmed/?term=27924024%5Buid%5D	Mus musculus	GTRD	No
Q62296	21679	Tead4	chromatin immunoprecipitation assay	https://www.ncbi.nlm.nih.gov/pubmed/?term=27924024%5Buid%5D	Mus musculus	GTRD	No
Q61286	21406	Tcf12	chromatin immunoprecipitation assay	https://www.ncbi.nlm.nih.gov/pubmed/?term=27924024%5Buid%5D	Mus musculus	GTRD	No
Q80TG1	76719	Kansl1	chromatin immunoprecipitation assay	https://www.ncbi.nlm.nih.gov/pubmed/?term=27924024%5Buid%5D	Mus musculus	GTRD	No
P53566	12606	Cebpa	chromatin immunoprecipitation assay	https://www.ncbi.nlm.nih.gov/pubmed/?term=27924024%5Buid%5D	Mus musculus	GTRD	No
P51448	19883	Rora	chromatin immunoprecipitation assay	https://www.ncbi.nlm.nih.gov/pubmed/?term=27924024%5Buid%5D	Mus musculus	GTRD	No
Q08369	14463	Gata4	chromatin immunoprecipitation assay	https://www.ncbi.nlm.nih.gov/pubmed/?term=27924024%5Buid%5D	Mus musculus	GTRD	No
Q61687	22589	Atrx	chromatin immunoprecipitation assay	https://www.ncbi.nlm.nih.gov/pubmed/?term=27924024%5Buid%5D	Mus musculus	GTRD	No
Q60775	13709	Elf1	chromatin immunoprecipitation assay	https://www.ncbi.nlm.nih.gov/pubmed/?term=27924024%5Buid%5D	Mus musculus	GTRD	No
Q6PDK2	NA	Kmt2d	chromatin immunoprecipitation assay	https://www.ncbi.nlm.nih.gov/pubmed/?term=27924024%5Buid%5D	Mus musculus	GTRD	No
P49698	15378	Hnf4a	chromatin immunoprecipitation assay	https://www.ncbi.nlm.nih.gov/pubmed/?term=27924024%5Buid%5D	Mus musculus	GTRD	No
P80206	NA	Otx2	chromatin immunoprecipitation assay	https://www.ncbi.nlm.nih.gov/pubmed/?term=27924024%5Buid%5D	Mus musculus	GTRD	No
Q9CQJ4	19821	Rnf2	chromatin immunoprecipitation assay	https://www.ncbi.nlm.nih.gov/pubmed/?term=27924024%5Buid%5D	Mus musculus	GTRD	No
P48377	19724	Rfx1	chromatin immunoprecipitation assay	https://www.ncbi.nlm.nih.gov/pubmed/?term=27924024%5Buid%5D	Mus musculus	GTRD	No
P42227	20848	Stat3	chromatin immunoprecipitation assay	https://www.ncbi.nlm.nih.gov/pubmed/?term=27924024%5Buid%5D	Mus musculus	GTRD	No
Q3UXZ9	214899	Kdm5a	chromatin immunoprecipitation assay	https://www.ncbi.nlm.nih.gov/pubmed/?term=27924024%5Buid%5D	Mus musculus	GTRD	No
P11416	19401	Rara	chromatin immunoprecipitation assay	https://www.ncbi.nlm.nih.gov/pubmed/?term=27924024%5Buid%5D	Mus musculus	GTRD	No
B2RWS6	328572	Ep300	chromatin immunoprecipitation assay	https://www.ncbi.nlm.nih.gov/pubmed/?term=27924024%5Buid%5D	Mus musculus	GTRD	No
P10284	15412	Hoxb4	chromatin immunoprecipitation assay	https://www.ncbi.nlm.nih.gov/pubmed/?term=27924024%5Buid%5D	Mus musculus	GTRD	No
P70459	13875	Erf	chromatin immunoprecipitation assay	https://www.ncbi.nlm.nih.gov/pubmed/?term=27924024%5Buid%5D	Mus musculus	GTRD	No
P46938	22601	Yap1	chromatin immunoprecipitation assay	https://www.ncbi.nlm.nih.gov/pubmed/?term=27924024%5Buid%5D	Mus musculus	GTRD	No
Q00322	12609	Cebpd	chromatin immunoprecipitation assay	https://www.ncbi.nlm.nih.gov/pubmed/?term=27924024%5Buid%5D	Mus musculus	GTRD	No
Q7JJ13	14312	Brd2	chromatin immunoprecipitation assay	https://www.ncbi.nlm.nih.gov/pubmed/?term=27924024%5Buid%5D	Mus musculus	GTRD	No
Q60611	20230	Satb1	chromatin immunoprecipitation assay	https://www.ncbi.nlm.nih.gov/pubmed/?term=27924024%5Buid%5D	Mus musculus	GTRD	No
P23708	18044	Nfya	chromatin immunoprecipitation assay	https://www.ncbi.nlm.nih.gov/pubmed/?term=27924024%5Buid%5D	Mus musculus	GTRD	No
O88974	NA	Setdb1	chromatin immunoprecipitation assay	https://www.ncbi.nlm.nih.gov/pubmed/?term=27924024%5Buid%5D	Mus musculus	GTRD	No
P35583	15376	Foxa2	chromatin immunoprecipitation assay	https://www.ncbi.nlm.nih.gov/pubmed/?term=27924024%5Buid%5D	Mus musculus	GTRD	No
Q9QZQ0	NA	Npas3	chromatin immunoprecipitation assay	https://www.ncbi.nlm.nih.gov/pubmed/?term=27924024%5Buid%5D	Mus musculus	GTRD	No
Q9WVL2	NA	Stat2	chromatin immunoprecipitation assay	https://www.ncbi.nlm.nih.gov/pubmed/?term=27924024%5Buid%5D	Mus musculus	GTRD	No
Q99JB6	20371	Foxp3	chromatin immunoprecipitation assay	https://www.ncbi.nlm.nih.gov/pubmed/?term=27924024%5Buid%5D	Mus musculus	GTRD	No
Q80Z64	71950	Nanog	chromatin immunoprecipitation assay	https://www.ncbi.nlm.nih.gov/pubmed/?term=27924024%5Buid%5D	Mus musculus	GTRD	No
